     1  0.12500000E-02   0.24999999E-02   0.10102630E+01   0.37398044E-06  -0.20629897E+04
     2  0.37499999E-02   0.49999999E-02   0.10102630E+01   0.14599143E-05  -0.20629893E+04
     3  0.62499996E-02   0.74999998E-02   0.10102627E+01   0.16467045E-05  -0.20629902E+04
     4  0.87500000E-02   0.99999998E-02   0.10102627E+01   0.15696653E-05  -0.20629902E+04
     5  0.11250000E-01   0.12499999E-01   0.10102632E+01   0.18959122E-05  -0.20629917E+04
     6  0.13749999E-01   0.14999999E-01   0.10102631E+01   0.25924298E-05  -0.20629922E+04
     7  0.16249999E-01   0.17499998E-01   0.10102633E+01   0.28751333E-05  -0.20629922E+04
     8  0.18749997E-01   0.19999998E-01   0.10102632E+01   0.29708010E-05  -0.20629912E+04
     9  0.21249998E-01   0.22499997E-01   0.10102632E+01   0.33450985E-05  -0.20629912E+04
    10  0.23749996E-01   0.24999997E-01   0.10102634E+01   0.31316508E-05  -0.20629912E+04
    11  0.26249997E-01   0.27499996E-01   0.10102630E+01   0.36047377E-05  -0.20629902E+04
    12  0.28749995E-01   0.29999996E-01   0.10102631E+01   0.41195876E-05  -0.20629897E+04
    13  0.31249996E-01   0.32499995E-01   0.10102634E+01   0.44494591E-05  -0.20629878E+04
    14  0.33749998E-01   0.34999996E-01   0.10102633E+01   0.52238101E-05  -0.20629854E+04
    15  0.36249995E-01   0.37499998E-01   0.10102632E+01   0.56103868E-05  -0.20629844E+04
    16  0.38750000E-01   0.39999999E-01   0.10102637E+01   0.96959593E-06  -0.20629854E+04
    17  0.41249998E-01   0.42500000E-01   0.10102637E+01   0.15214775E-05  -0.20629834E+04
    18  0.43750003E-01   0.45000002E-01   0.10102636E+01   0.17423276E-05  -0.20629834E+04
    19  0.46250001E-01   0.47500003E-01   0.10102634E+01   0.22050435E-05  -0.20629839E+04
    20  0.48750006E-01   0.50000004E-01   0.10102634E+01   0.59247377E-05  -0.20629824E+04
    21  0.51250003E-01   0.52500006E-01   0.10102631E+01   0.63843568E-05  -0.20629824E+04
    22  0.53750008E-01   0.55000007E-01   0.10102632E+01   0.74918680E-05  -0.20629814E+04
    23  0.56250006E-01   0.57500008E-01   0.10102627E+01   0.79258680E-05  -0.20629805E+04
    24  0.58750011E-01   0.60000010E-01   0.10102633E+01   0.83834366E-05  -0.20629795E+04
    25  0.61250009E-01   0.62500007E-01   0.10102630E+01   0.87450007E-05  -0.20629780E+04
    26  0.63750006E-01   0.65000005E-01   0.10102631E+01   0.90507965E-05  -0.20629761E+04
    27  0.66250004E-01   0.67500003E-01   0.10102636E+01   0.95038249E-05  -0.20629746E+04
    28  0.68750001E-01   0.70000000E-01   0.10102631E+01   0.97338907E-05  -0.20629731E+04
    29  0.71249999E-01   0.72499998E-01   0.10102636E+01   0.10171004E-04  -0.20629707E+04
    30  0.73749997E-01   0.74999996E-01   0.10102639E+01   0.11262148E-04  -0.20629683E+04
    31  0.76249994E-01   0.77499993E-01   0.10102643E+01   0.11815352E-04  -0.20629653E+04
    32  0.78749992E-01   0.79999991E-01   0.10102640E+01   0.31766326E-05  -0.20629678E+04
    33  0.81249990E-01   0.82499988E-01   0.10102643E+01   0.38709272E-05  -0.20629644E+04
    34  0.83749987E-01   0.84999986E-01   0.10102636E+01   0.42426132E-05  -0.20629644E+04
    35  0.86249985E-01   0.87499984E-01   0.10102634E+01   0.50298854E-05  -0.20629629E+04
    36  0.88749982E-01   0.89999981E-01   0.10102631E+01   0.44230601E-05  -0.20629629E+04
    37  0.91249980E-01   0.92499979E-01   0.10102636E+01   0.50198291E-05  -0.20629624E+04
    38  0.93749978E-01   0.94999976E-01   0.10102632E+01   0.65602630E-05  -0.20629624E+04
    39  0.96249975E-01   0.97499974E-01   0.10102626E+01   0.71434056E-05  -0.20629629E+04
    40  0.98749973E-01   0.99999972E-01   0.10102627E+01   0.10700342E-04  -0.20629614E+04
    41  0.10124997E+00   0.10249997E+00   0.10102630E+01   0.11304377E-04  -0.20629609E+04
    42  0.10374997E+00   0.10499997E+00   0.10102628E+01   0.11808382E-04  -0.20629595E+04
    43  0.10624997E+00   0.10749996E+00   0.10102633E+01   0.12312800E-04  -0.20629575E+04
    44  0.10874996E+00   0.10999996E+00   0.10102634E+01   0.12057019E-04  -0.20629565E+04
    45  0.11124996E+00   0.11249996E+00   0.10102633E+01   0.12617207E-04  -0.20629546E+04
    46  0.11374996E+00   0.11499996E+00   0.10102631E+01   0.13755535E-04  -0.20629526E+04
    47  0.11624996E+00   0.11749995E+00   0.10102626E+01   0.14373838E-04  -0.20629507E+04
    48  0.11874995E+00   0.11999995E+00   0.10102627E+01   0.17064111E-04  -0.20629482E+04
    49  0.12124995E+00   0.12249995E+00   0.10102630E+01   0.17545701E-04  -0.20629453E+04
    50  0.12374995E+00   0.12499995E+00   0.10102630E+01   0.18654149E-04  -0.20629419E+04
    51  0.12624995E+00   0.12749995E+00   0.10102634E+01   0.19035786E-04  -0.20629395E+04
    52  0.12874995E+00   0.12999995E+00   0.10102631E+01   0.20515594E-04  -0.20629360E+04
    53  0.13124995E+00   0.13249995E+00   0.10102630E+01   0.20973803E-04  -0.20629326E+04
    54  0.13374995E+00   0.13499995E+00   0.10102631E+01   0.21692991E-04  -0.20629292E+04
    55  0.13624994E+00   0.13749994E+00   0.10102628E+01   0.22044362E-04  -0.20629258E+04
    56  0.13874994E+00   0.13999994E+00   0.10102627E+01   0.25439322E-04  -0.20629204E+04
    57  0.14124994E+00   0.14249994E+00   0.10102631E+01   0.25789655E-04  -0.20629165E+04
    58  0.14374994E+00   0.14499994E+00   0.10102631E+01   0.26317442E-04  -0.20629116E+04
    59  0.14624994E+00   0.14749993E+00   0.10102630E+01   0.26697664E-04  -0.20629072E+04
    60  0.14874993E+00   0.14999993E+00   0.10102634E+01   0.27193828E-04  -0.20629033E+04
    61  0.15124993E+00   0.15249993E+00   0.10102634E+01   0.27462153E-04  -0.20628994E+04
    62  0.15374993E+00   0.15499993E+00   0.10102627E+01   0.27403918E-04  -0.20628945E+04
    63  0.15624993E+00   0.15749992E+00   0.10102625E+01   0.27709973E-04  -0.20628896E+04
    64  0.15874992E+00   0.15999992E+00   0.10102625E+01   0.34006687E-04  -0.20628823E+04
    65  0.16124992E+00   0.16249992E+00   0.10102627E+01   0.34288751E-04  -0.20628789E+04
    66  0.16374992E+00   0.16499992E+00   0.10102626E+01   0.35385394E-04  -0.20628726E+04
    67  0.16624992E+00   0.16749991E+00   0.10102626E+01   0.35602265E-04  -0.20628657E+04
    68  0.16874991E+00   0.16999991E+00   0.10102630E+01   0.37590464E-04  -0.20628579E+04
    69  0.17124991E+00   0.17249991E+00   0.10102631E+01   0.37638943E-04  -0.20628511E+04
    70  0.17374991E+00   0.17499991E+00   0.10102627E+01   0.37686637E-04  -0.20628433E+04
    71  0.17624991E+00   0.17749991E+00   0.10102631E+01   0.37924969E-04  -0.20628364E+04
    72  0.17874990E+00   0.17999990E+00   0.10102628E+01   0.40637366E-04  -0.20628281E+04
    73  0.18124990E+00   0.18249990E+00   0.10102628E+01   0.40784351E-04  -0.20628218E+04
    74  0.18374990E+00   0.18499990E+00   0.10102631E+01   0.41549258E-04  -0.20628140E+04
    75  0.18624990E+00   0.18749990E+00   0.10102632E+01   0.41672611E-04  -0.20628071E+04
    76  0.18874989E+00   0.18999989E+00   0.10102632E+01   0.40412575E-04  -0.20628003E+04
    77  0.19124989E+00   0.19249989E+00   0.10102632E+01   0.40615407E-04  -0.20627920E+04
    78  0.19374989E+00   0.19499989E+00   0.10102637E+01   0.42048581E-04  -0.20627832E+04
    79  0.19624989E+00   0.19749989E+00   0.10102633E+01   0.42232001E-04  -0.20627759E+04
    80  0.19874988E+00   0.19999988E+00   0.10102637E+01   0.40853556E-04  -0.20627681E+04
    81  0.20124988E+00   0.20249988E+00   0.10102636E+01   0.41019677E-04  -0.20627598E+04
    82  0.20374988E+00   0.20499988E+00   0.10102632E+01   0.42560248E-04  -0.20627515E+04
    83  0.20624988E+00   0.20749988E+00   0.10102636E+01   0.42681913E-04  -0.20627441E+04
    84  0.20874988E+00   0.20999987E+00   0.10102631E+01   0.44487962E-04  -0.20627358E+04
    85  0.21124987E+00   0.21249987E+00   0.10102634E+01   0.44615692E-04  -0.20627275E+04
    86  0.21374987E+00   0.21499987E+00   0.10102630E+01   0.44792003E-04  -0.20627188E+04
    87  0.21624987E+00   0.21749987E+00   0.10102625E+01   0.44972057E-04  -0.20627104E+04
    88  0.21874987E+00   0.21999986E+00   0.10102624E+01   0.46970170E-04  -0.20627012E+04
    89  0.22124986E+00   0.22249986E+00   0.10102627E+01   0.47224974E-04  -0.20626929E+04
    90  0.22374986E+00   0.22499986E+00   0.10102628E+01   0.48666745E-04  -0.20626836E+04
    91  0.22624986E+00   0.22749986E+00   0.10102631E+01   0.48870912E-04  -0.20626748E+04
    92  0.22874986E+00   0.22999986E+00   0.10102633E+01   0.50260114E-04  -0.20626660E+04
    93  0.23124985E+00   0.23249985E+00   0.10102636E+01   0.50551273E-04  -0.20626558E+04
    94  0.23374985E+00   0.23499985E+00   0.10102637E+01   0.50679624E-04  -0.20626455E+04
    95  0.23624985E+00   0.23749985E+00   0.10102643E+01   0.50801864E-04  -0.20626357E+04
    96  0.23874985E+00   0.23999985E+00   0.10102648E+01   0.40925064E-04  -0.20626309E+04
    97  0.24124984E+00   0.24249984E+00   0.10102643E+01   0.41194518E-04  -0.20626196E+04
    98  0.24374984E+00   0.24499984E+00   0.10102640E+01   0.41416788E-04  -0.20626123E+04
    99  0.24624984E+00   0.24749984E+00   0.10102633E+01   0.41790699E-04  -0.20626050E+04
   100  0.24874984E+00   0.24999984E+00   0.10102636E+01   0.41755309E-04  -0.20625986E+04
   101  0.25124985E+00   0.25249985E+00   0.10102636E+01   0.42013322E-04  -0.20625908E+04
   102  0.25374985E+00   0.25499985E+00   0.10102639E+01   0.42370360E-04  -0.20625825E+04
   103  0.25624985E+00   0.25749984E+00   0.10102638E+01   0.42729975E-04  -0.20625742E+04
   104  0.25874984E+00   0.25999984E+00   0.10102639E+01   0.37457950E-04  -0.20625684E+04
   105  0.26124984E+00   0.26249984E+00   0.10102634E+01   0.37930437E-04  -0.20625591E+04
   106  0.26374984E+00   0.26499984E+00   0.10102638E+01   0.38463262E-04  -0.20625532E+04
   107  0.26624984E+00   0.26749983E+00   0.10102631E+01   0.38855032E-04  -0.20625464E+04
   108  0.26874983E+00   0.26999983E+00   0.10102628E+01   0.38870741E-04  -0.20625400E+04
   109  0.27124983E+00   0.27249983E+00   0.10102632E+01   0.39146438E-04  -0.20625332E+04
   110  0.27374983E+00   0.27499983E+00   0.10102626E+01   0.39477611E-04  -0.20625264E+04
   111  0.27624983E+00   0.27749982E+00   0.10102626E+01   0.39835293E-04  -0.20625195E+04
   112  0.27874982E+00   0.27999982E+00   0.10102624E+01   0.47726080E-04  -0.20625098E+04
   113  0.28124982E+00   0.28249982E+00   0.10102628E+01   0.47920919E-04  -0.20625044E+04
   114  0.28374982E+00   0.28499982E+00   0.10102628E+01   0.48543494E-04  -0.20624951E+04
   115  0.28624982E+00   0.28749982E+00   0.10102632E+01   0.48828286E-04  -0.20624863E+04
   116  0.28874981E+00   0.28999981E+00   0.10102632E+01   0.47696765E-04  -0.20624780E+04
   117  0.29124981E+00   0.29249981E+00   0.10102630E+01   0.48031703E-04  -0.20624688E+04
   118  0.29374981E+00   0.29499981E+00   0.10102632E+01   0.49647977E-04  -0.20624600E+04
   119  0.29624981E+00   0.29749981E+00   0.10102632E+01   0.49986571E-04  -0.20624517E+04
   120  0.29874980E+00   0.29999980E+00   0.10102625E+01   0.52346517E-04  -0.20624424E+04
   121  0.30124980E+00   0.30249980E+00   0.10102626E+01   0.52820487E-04  -0.20624341E+04
   122  0.30374980E+00   0.30499980E+00   0.10102624E+01   0.53329099E-04  -0.20624258E+04
   123  0.30624980E+00   0.30749980E+00   0.10102627E+01   0.53708583E-04  -0.20624150E+04
   124  0.30874979E+00   0.30999979E+00   0.10102621E+01   0.54932847E-04  -0.20624043E+04
   125  0.31124979E+00   0.31249979E+00   0.10102613E+01   0.55242879E-04  -0.20623945E+04
   126  0.31374979E+00   0.31499979E+00   0.10102595E+01   0.56451870E-04  -0.20623848E+04
   127  0.31624979E+00   0.31749979E+00   0.10102583E+01   0.56695986E-04  -0.20623755E+04
   128  0.31874979E+00   0.31999978E+00   0.10102580E+01   0.10529024E-03  -0.20623457E+04
   129  0.32124978E+00   0.32249978E+00   0.10102588E+01   0.10524886E-03  -0.20623438E+04
   130  0.32374978E+00   0.32499978E+00   0.10102603E+01   0.10675353E-03  -0.20623218E+04
   131  0.32624978E+00   0.32749978E+00   0.10102614E+01   0.10680831E-03  -0.20622993E+04
   132  0.32874978E+00   0.32999977E+00   0.10102619E+01   0.10628569E-03  -0.20622773E+04
   133  0.33124977E+00   0.33249977E+00   0.10102630E+01   0.10629983E-03  -0.20622544E+04
   134  0.33374977E+00   0.33499977E+00   0.10102632E+01   0.10715959E-03  -0.20622319E+04
   135  0.33624977E+00   0.33749977E+00   0.10102634E+01   0.10718231E-03  -0.20622095E+04
   136  0.33874977E+00   0.33999977E+00   0.10102636E+01   0.10484456E-03  -0.20621885E+04
   137  0.34124976E+00   0.34249976E+00   0.10102633E+01   0.10494826E-03  -0.20621660E+04
   138  0.34374976E+00   0.34499976E+00   0.10102634E+01   0.10549468E-03  -0.20621450E+04
   139  0.34624976E+00   0.34749976E+00   0.10102632E+01   0.10564004E-03  -0.20621230E+04
   140  0.34874976E+00   0.34999976E+00   0.10102633E+01   0.10816630E-03  -0.20621001E+04
   141  0.35124975E+00   0.35249975E+00   0.10102633E+01   0.10824182E-03  -0.20620786E+04
   142  0.35374975E+00   0.35499975E+00   0.10102639E+01   0.10858892E-03  -0.20620571E+04
   143  0.35624975E+00   0.35749975E+00   0.10102643E+01   0.10872175E-03  -0.20620352E+04
   144  0.35874975E+00   0.35999975E+00   0.10102646E+01   0.98031873E-04  -0.20620176E+04
   145  0.36124974E+00   0.36249974E+00   0.10102645E+01   0.98111632E-04  -0.20619932E+04
   146  0.36374974E+00   0.36499974E+00   0.10102637E+01   0.99922101E-04  -0.20619727E+04
   147  0.36624974E+00   0.36749974E+00   0.10102636E+01   0.10006894E-03  -0.20619526E+04
   148  0.36874974E+00   0.36999974E+00   0.10102630E+01   0.10081047E-03  -0.20619326E+04
   149  0.37124974E+00   0.37249973E+00   0.10102630E+01   0.10090941E-03  -0.20619121E+04
   150  0.37374973E+00   0.37499973E+00   0.10102627E+01   0.10144369E-03  -0.20618921E+04
   151  0.37624973E+00   0.37749973E+00   0.10102633E+01   0.10158708E-03  -0.20618721E+04
   152  0.37874973E+00   0.37999973E+00   0.10102628E+01   0.10472830E-03  -0.20618516E+04
   153  0.38124973E+00   0.38249972E+00   0.10102630E+01   0.10481530E-03  -0.20618311E+04
   154  0.38374972E+00   0.38499972E+00   0.10102636E+01   0.10432948E-03  -0.20618101E+04
   155  0.38624972E+00   0.38749972E+00   0.10102634E+01   0.10436997E-03  -0.20617886E+04
   156  0.38874972E+00   0.38999972E+00   0.10102633E+01   0.10444567E-03  -0.20617676E+04
   157  0.39124972E+00   0.39249972E+00   0.10102634E+01   0.10445395E-03  -0.20617476E+04
   158  0.39374971E+00   0.39499971E+00   0.10102632E+01   0.10513093E-03  -0.20617271E+04
   159  0.39624971E+00   0.39749971E+00   0.10102633E+01   0.10519903E-03  -0.20617065E+04
   160  0.39874971E+00   0.39999971E+00   0.10102636E+01   0.10357855E-03  -0.20616865E+04
   161  0.40124971E+00   0.40249971E+00   0.10102632E+01   0.10375836E-03  -0.20616655E+04
   162  0.40374970E+00   0.40499970E+00   0.10102630E+01   0.10520573E-03  -0.20616445E+04
   163  0.40624970E+00   0.40749970E+00   0.10102636E+01   0.10522245E-03  -0.20616245E+04
   164  0.40874970E+00   0.40999970E+00   0.10102638E+01   0.10431468E-03  -0.20616035E+04
   165  0.41124970E+00   0.41249970E+00   0.10102630E+01   0.10448234E-03  -0.20615825E+04
   166  0.41374969E+00   0.41499969E+00   0.10102631E+01   0.10617587E-03  -0.20615620E+04
   167  0.41624969E+00   0.41749969E+00   0.10102634E+01   0.10613719E-03  -0.20615420E+04
   168  0.41874969E+00   0.41999969E+00   0.10102640E+01   0.10259847E-03  -0.20615215E+04
   169  0.42124969E+00   0.42249969E+00   0.10102638E+01   0.10264738E-03  -0.20614995E+04
   170  0.42374969E+00   0.42499968E+00   0.10102634E+01   0.10258773E-03  -0.20614785E+04
   171  0.42624968E+00   0.42749968E+00   0.10102633E+01   0.10277773E-03  -0.20614580E+04
   172  0.42874968E+00   0.42999968E+00   0.10102631E+01   0.10451788E-03  -0.20614370E+04
   173  0.43124968E+00   0.43249968E+00   0.10102631E+01   0.10464618E-03  -0.20614165E+04
   174  0.43374968E+00   0.43499967E+00   0.10102631E+01   0.10516633E-03  -0.20613950E+04
   175  0.43624967E+00   0.43749967E+00   0.10102630E+01   0.10532493E-03  -0.20613750E+04
   176  0.43874967E+00   0.43999967E+00   0.10102633E+01   0.10678668E-03  -0.20613535E+04
   177  0.44124967E+00   0.44249967E+00   0.10102628E+01   0.10682273E-03  -0.20613330E+04
   178  0.44374967E+00   0.44499967E+00   0.10102630E+01   0.10704454E-03  -0.20613105E+04
   179  0.44624966E+00   0.44749966E+00   0.10102627E+01   0.10719321E-03  -0.20612891E+04
   180  0.44874966E+00   0.44999966E+00   0.10102632E+01   0.10705159E-03  -0.20612676E+04
   181  0.45124966E+00   0.45249966E+00   0.10102632E+01   0.10710847E-03  -0.20612471E+04
   182  0.45374966E+00   0.45499966E+00   0.10102633E+01   0.10736038E-03  -0.20612256E+04
   183  0.45624965E+00   0.45749965E+00   0.10102634E+01   0.10756194E-03  -0.20612046E+04
   184  0.45874965E+00   0.45999965E+00   0.10102638E+01   0.10549291E-03  -0.20611841E+04
   185  0.46124965E+00   0.46249965E+00   0.10102633E+01   0.10564297E-03  -0.20611626E+04
   186  0.46374965E+00   0.46499965E+00   0.10102631E+01   0.10688996E-03  -0.20611411E+04
   187  0.46624964E+00   0.46749964E+00   0.10102636E+01   0.10705297E-03  -0.20611211E+04
   188  0.46874964E+00   0.46999964E+00   0.10102648E+01   0.10828359E-03  -0.20611001E+04
   189  0.47124964E+00   0.47249964E+00   0.10102661E+01   0.10845102E-03  -0.20610801E+04
   190  0.47374964E+00   0.47499964E+00   0.10102684E+01   0.10995245E-03  -0.20610581E+04
   191  0.47624964E+00   0.47749963E+00   0.10102702E+01   0.11016045E-03  -0.20610381E+04
   192  0.47874963E+00   0.47999963E+00   0.10102710E+01   0.30269670E-04  -0.20610493E+04
   193  0.48124963E+00   0.48249963E+00   0.10102704E+01   0.31022970E-04  -0.20610146E+04
   194  0.48374963E+00   0.48499963E+00   0.10102688E+01   0.32626540E-04  -0.20610132E+04
   195  0.48624963E+00   0.48749962E+00   0.10102665E+01   0.33167024E-04  -0.20610117E+04
   196  0.48874962E+00   0.48999962E+00   0.10102654E+01   0.30398072E-04  -0.20610107E+04
   197  0.49124962E+00   0.49249962E+00   0.10102643E+01   0.30972787E-04  -0.20610083E+04
   198  0.49374962E+00   0.49499962E+00   0.10102640E+01   0.32765249E-04  -0.20610059E+04
   199  0.49624962E+00   0.49749961E+00   0.10102640E+01   0.33399410E-04  -0.20610044E+04
   200  0.49874961E+00   0.49999961E+00   0.10102638E+01   0.29842000E-04  -0.20610034E+04
   201  0.50124961E+00   0.50249964E+00   0.10102636E+01   0.30412526E-04  -0.20609995E+04
   202  0.50374961E+00   0.50499964E+00   0.10102634E+01   0.32007625E-04  -0.20609971E+04
   203  0.50624967E+00   0.50749964E+00   0.10102638E+01   0.32568700E-04  -0.20609956E+04
   204  0.50874960E+00   0.50999963E+00   0.10102633E+01   0.33790686E-04  -0.20609932E+04
   205  0.51124966E+00   0.51249963E+00   0.10102636E+01   0.34239354E-04  -0.20609912E+04
   206  0.51374960E+00   0.51499963E+00   0.10102628E+01   0.35772373E-04  -0.20609878E+04
   207  0.51624966E+00   0.51749963E+00   0.10102620E+01   0.36198438E-04  -0.20609854E+04
   208  0.51874959E+00   0.51999962E+00   0.10102618E+01   0.48509657E-04  -0.20609771E+04
   209  0.52124965E+00   0.52249962E+00   0.10102618E+01   0.48921815E-04  -0.20609761E+04
   210  0.52374959E+00   0.52499962E+00   0.10102626E+01   0.50488707E-04  -0.20609692E+04
   211  0.52624965E+00   0.52749962E+00   0.10102633E+01   0.50977102E-04  -0.20609634E+04
   212  0.52874959E+00   0.52999961E+00   0.10102634E+01   0.48492133E-04  -0.20609575E+04
   213  0.53124964E+00   0.53249961E+00   0.10102637E+01   0.49086513E-04  -0.20609512E+04
   214  0.53374958E+00   0.53499961E+00   0.10102634E+01   0.50161965E-04  -0.20609458E+04
   215  0.53624964E+00   0.53749961E+00   0.10102631E+01   0.50633440E-04  -0.20609404E+04
   216  0.53874958E+00   0.53999960E+00   0.10102636E+01   0.50050330E-04  -0.20609341E+04
   217  0.54124963E+00   0.54249960E+00   0.10102630E+01   0.50451334E-04  -0.20609277E+04
   218  0.54374957E+00   0.54499960E+00   0.10102631E+01   0.51929077E-04  -0.20609209E+04
   219  0.54624963E+00   0.54749960E+00   0.10102630E+01   0.52346753E-04  -0.20609150E+04
   220  0.54874957E+00   0.54999959E+00   0.10102625E+01   0.52060848E-04  -0.20609082E+04
   221  0.55124962E+00   0.55249959E+00   0.10102620E+01   0.52584070E-04  -0.20609014E+04
   222  0.55374956E+00   0.55499959E+00   0.10102607E+01   0.54096872E-04  -0.20608950E+04
   223  0.55624962E+00   0.55749959E+00   0.10102595E+01   0.54651031E-04  -0.20608882E+04
   224  0.55874956E+00   0.55999959E+00   0.10102592E+01   0.89031128E-04  -0.20608672E+04
   225  0.56124961E+00   0.56249958E+00   0.10102595E+01   0.89302019E-04  -0.20608662E+04
   226  0.56374955E+00   0.56499958E+00   0.10102608E+01   0.90750262E-04  -0.20608501E+04
   227  0.56624961E+00   0.56749958E+00   0.10102624E+01   0.91071823E-04  -0.20608345E+04
   228  0.56874955E+00   0.56999958E+00   0.10102630E+01   0.90330286E-04  -0.20608188E+04
   229  0.57124960E+00   0.57249957E+00   0.10102632E+01   0.90549540E-04  -0.20608027E+04
   230  0.57374954E+00   0.57499957E+00   0.10102631E+01   0.91660731E-04  -0.20607861E+04
   231  0.57624960E+00   0.57749957E+00   0.10102633E+01   0.91995054E-04  -0.20607700E+04
   232  0.57874954E+00   0.57999957E+00   0.10102637E+01   0.89048226E-04  -0.20607554E+04
   233  0.58124959E+00   0.58249956E+00   0.10102636E+01   0.89399800E-04  -0.20607393E+04
   234  0.58374953E+00   0.58499956E+00   0.10102634E+01   0.90812187E-04  -0.20607231E+04
   235  0.58624959E+00   0.58749956E+00   0.10102631E+01   0.91124362E-04  -0.20607080E+04
   236  0.58874953E+00   0.58999956E+00   0.10102632E+01   0.92586466E-04  -0.20606919E+04
   237  0.59124959E+00   0.59249955E+00   0.10102631E+01   0.92944028E-04  -0.20606758E+04
   238  0.59374952E+00   0.59499955E+00   0.10102633E+01   0.94326577E-04  -0.20606587E+04
   239  0.59624958E+00   0.59749955E+00   0.10102638E+01   0.94655079E-04  -0.20606431E+04
   240  0.59874952E+00   0.59999955E+00   0.10102636E+01   0.90270027E-04  -0.20606289E+04
   241  0.60124958E+00   0.60249954E+00   0.10102634E+01   0.90730588E-04  -0.20606113E+04
   242  0.60374951E+00   0.60499954E+00   0.10102634E+01   0.90787245E-04  -0.20605952E+04
   243  0.60624957E+00   0.60749954E+00   0.10102632E+01   0.91177950E-04  -0.20605796E+04
   244  0.60874951E+00   0.60999954E+00   0.10102633E+01   0.92872186E-04  -0.20605635E+04
   245  0.61124957E+00   0.61249954E+00   0.10102636E+01   0.93145922E-04  -0.20605479E+04
   246  0.61374950E+00   0.61499953E+00   0.10102636E+01   0.93577844E-04  -0.20605322E+04
   247  0.61624956E+00   0.61749953E+00   0.10102636E+01   0.93807721E-04  -0.20605166E+04
   248  0.61874950E+00   0.61999953E+00   0.10102642E+01   0.90142486E-04  -0.20605020E+04
   249  0.62124956E+00   0.62249953E+00   0.10102644E+01   0.90456058E-04  -0.20604854E+04
   250  0.62374949E+00   0.62499952E+00   0.10102649E+01   0.90888985E-04  -0.20604702E+04
   251  0.62624955E+00   0.62749952E+00   0.10102656E+01   0.91190901E-04  -0.20604556E+04
   252  0.62874949E+00   0.62999952E+00   0.10102674E+01   0.92950300E-04  -0.20604404E+04
   253  0.63124955E+00   0.63249952E+00   0.10102701E+01   0.93400355E-04  -0.20604243E+04
   254  0.63374949E+00   0.63499951E+00   0.10102737E+01   0.94532639E-04  -0.20604082E+04
   255  0.63624954E+00   0.63749951E+00   0.10102761E+01   0.94873583E-04  -0.20603931E+04
   256  0.63874948E+00   0.63999951E+00   0.10102773E+01  -0.61004706E-04  -0.20604414E+04
   257  0.64124954E+00   0.64249951E+00   0.10102760E+01  -0.60020790E-04  -0.20603994E+04
   258  0.64374948E+00   0.64499950E+00   0.10102733E+01  -0.58068730E-04  -0.20604209E+04
   259  0.64624953E+00   0.64749950E+00   0.10102696E+01  -0.57094476E-04  -0.20604434E+04
   260  0.64874947E+00   0.64999950E+00   0.10102667E+01  -0.54897366E-04  -0.20604644E+04
   261  0.65124953E+00   0.65249950E+00   0.10102648E+01  -0.53953296E-04  -0.20604844E+04
   262  0.65374947E+00   0.65499949E+00   0.10102638E+01  -0.52034706E-04  -0.20605039E+04
   263  0.65624952E+00   0.65749949E+00   0.10102637E+01  -0.50992930E-04  -0.20605239E+04
   264  0.65874946E+00   0.65999949E+00   0.10102640E+01  -0.51888986E-04  -0.20605449E+04
   265  0.66124952E+00   0.66249949E+00   0.10102636E+01  -0.51044157E-04  -0.20605645E+04
   266  0.66374946E+00   0.66499949E+00   0.10102636E+01  -0.50153292E-04  -0.20605840E+04
   267  0.66624951E+00   0.66749948E+00   0.10102633E+01  -0.49197741E-04  -0.20606035E+04
   268  0.66874945E+00   0.66999948E+00   0.10102631E+01  -0.48762144E-04  -0.20606235E+04
   269  0.67124951E+00   0.67249948E+00   0.10102628E+01  -0.47751157E-04  -0.20606426E+04
   270  0.67374945E+00   0.67499948E+00   0.10102625E+01  -0.45712724E-04  -0.20606616E+04
   271  0.67624950E+00   0.67749947E+00   0.10102628E+01  -0.44744429E-04  -0.20606816E+04
   272  0.67874944E+00   0.67999947E+00   0.10102630E+01  -0.43987140E-04  -0.20607012E+04
   273  0.68124950E+00   0.68249947E+00   0.10102634E+01  -0.43189681E-04  -0.20607202E+04
   274  0.68374944E+00   0.68499947E+00   0.10102632E+01  -0.41353840E-04  -0.20607373E+04
   275  0.68624949E+00   0.68749946E+00   0.10102634E+01  -0.40408351E-04  -0.20607568E+04
   276  0.68874943E+00   0.68999946E+00   0.10102636E+01  -0.40597966E-04  -0.20607759E+04
   277  0.69124949E+00   0.69249946E+00   0.10102637E+01  -0.39788418E-04  -0.20607939E+04
   278  0.69374943E+00   0.69499946E+00   0.10102632E+01  -0.38129565E-04  -0.20608105E+04
   279  0.69624949E+00   0.69749945E+00   0.10102637E+01  -0.37183527E-04  -0.20608286E+04
   280  0.69874942E+00   0.69999945E+00   0.10102639E+01  -0.40076015E-04  -0.20608477E+04
   281  0.70124948E+00   0.70249945E+00   0.10102634E+01  -0.39183196E-04  -0.20608638E+04
   282  0.70374942E+00   0.70499945E+00   0.10102633E+01  -0.37285870E-04  -0.20608809E+04
   283  0.70624948E+00   0.70749944E+00   0.10102632E+01  -0.36484751E-04  -0.20608984E+04
   284  0.70874941E+00   0.70999944E+00   0.10102626E+01  -0.35108922E-04  -0.20609141E+04
   285  0.71124947E+00   0.71249944E+00   0.10102628E+01  -0.34347762E-04  -0.20609307E+04
   286  0.71374941E+00   0.71499944E+00   0.10102628E+01  -0.33707292E-04  -0.20609468E+04
   287  0.71624947E+00   0.71749943E+00   0.10102627E+01  -0.32824220E-04  -0.20609624E+04
   288  0.71874940E+00   0.71999943E+00   0.10102628E+01  -0.28325676E-04  -0.20609766E+04
   289  0.72124946E+00   0.72249943E+00   0.10102630E+01  -0.27568210E-04  -0.20609932E+04
   290  0.72374940E+00   0.72499943E+00   0.10102628E+01  -0.25382227E-04  -0.20610073E+04
   291  0.72624946E+00   0.72749943E+00   0.10102632E+01  -0.24581892E-04  -0.20610229E+04
   292  0.72874939E+00   0.72999942E+00   0.10102633E+01  -0.25723002E-04  -0.20610381E+04
   293  0.73124945E+00   0.73249942E+00   0.10102632E+01  -0.24999914E-04  -0.20610518E+04
   294  0.73374939E+00   0.73499942E+00   0.10102632E+01  -0.22785791E-04  -0.20610645E+04
   295  0.73624945E+00   0.73749942E+00   0.10102624E+01  -0.21977787E-04  -0.20610786E+04
   296  0.73874938E+00   0.73999941E+00   0.10102625E+01  -0.18196926E-04  -0.20610903E+04
   297  0.74124944E+00   0.74249941E+00   0.10102627E+01  -0.17513697E-04  -0.20611050E+04
   298  0.74374938E+00   0.74499941E+00   0.10102633E+01  -0.16607815E-04  -0.20611177E+04
   299  0.74624944E+00   0.74749941E+00   0.10102631E+01  -0.15830659E-04  -0.20611304E+04
   300  0.74874938E+00   0.74999940E+00   0.10102630E+01  -0.13651429E-04  -0.20611421E+04
   301  0.75124943E+00   0.75249940E+00   0.10102633E+01  -0.12896302E-04  -0.20611558E+04
   302  0.75374937E+00   0.75499940E+00   0.10102628E+01  -0.11858369E-04  -0.20611675E+04
   303  0.75624943E+00   0.75749940E+00   0.10102627E+01  -0.11242500E-04  -0.20611797E+04
   304  0.75874937E+00   0.75999939E+00   0.10102632E+01  -0.78811627E-05  -0.20611895E+04
   305  0.76124942E+00   0.76249939E+00   0.10102634E+01  -0.72276607E-05  -0.20612017E+04
   306  0.76374936E+00   0.76499939E+00   0.10102631E+01  -0.53392155E-05  -0.20612114E+04
   307  0.76624942E+00   0.76749939E+00   0.10102633E+01  -0.47657959E-05  -0.20612231E+04
   308  0.76874936E+00   0.76999938E+00   0.10102640E+01  -0.56080971E-05  -0.20612334E+04
   309  0.77124941E+00   0.77249938E+00   0.10102640E+01  -0.49747036E-05  -0.20612422E+04
   310  0.77374935E+00   0.77499938E+00   0.10102633E+01  -0.36574625E-05  -0.20612510E+04
   311  0.77624941E+00   0.77749938E+00   0.10102632E+01  -0.28873765E-05  -0.20612612E+04
   312  0.77874935E+00   0.77999938E+00   0.10102633E+01  -0.87484329E-06  -0.20612700E+04
   313  0.78124940E+00   0.78249937E+00   0.10102634E+01  -0.55753276E-07  -0.20612793E+04
   314  0.78374934E+00   0.78499937E+00   0.10102630E+01   0.16552486E-05  -0.20612881E+04
   315  0.78624940E+00   0.78749937E+00   0.10102634E+01   0.22727554E-05  -0.20612969E+04
   316  0.78874934E+00   0.78999937E+00   0.10102633E+01   0.18536218E-05  -0.20613047E+04
   317  0.79124939E+00   0.79249936E+00   0.10102626E+01   0.24791007E-05  -0.20613135E+04
   318  0.79374933E+00   0.79499936E+00   0.10102624E+01   0.34764771E-05  -0.20613218E+04
   319  0.79624939E+00   0.79749936E+00   0.10102614E+01   0.41626781E-05  -0.20613306E+04
   320  0.79874933E+00   0.79999936E+00   0.10102611E+01   0.20999980E-04  -0.20613315E+04
   321  0.80124938E+00   0.80249935E+00   0.10102613E+01   0.21620141E-04  -0.20613423E+04
   322  0.80374932E+00   0.80499935E+00   0.10102623E+01   0.23369977E-04  -0.20613457E+04
   323  0.80624938E+00   0.80749935E+00   0.10102628E+01   0.23819177E-04  -0.20613506E+04
   324  0.80874932E+00   0.80999935E+00   0.10102633E+01   0.24097742E-04  -0.20613535E+04
   325  0.81124938E+00   0.81249934E+00   0.10102636E+01   0.24663001E-04  -0.20613574E+04
   326  0.81374931E+00   0.81499934E+00   0.10102631E+01   0.26241465E-04  -0.20613604E+04
   327  0.81624937E+00   0.81749934E+00   0.10102632E+01   0.26892303E-04  -0.20613633E+04
   328  0.81874931E+00   0.81999934E+00   0.10102630E+01   0.27328269E-04  -0.20613652E+04
   329  0.82124937E+00   0.82249933E+00   0.10102633E+01   0.27963382E-04  -0.20613677E+04
   330  0.82374930E+00   0.82499933E+00   0.10102631E+01   0.29764633E-04  -0.20613696E+04
   331  0.82624936E+00   0.82749933E+00   0.10102632E+01   0.30323103E-04  -0.20613726E+04
   332  0.82874930E+00   0.82999933E+00   0.10102630E+01   0.31804830E-04  -0.20613735E+04
   333  0.83124936E+00   0.83249933E+00   0.10102636E+01   0.32332366E-04  -0.20613765E+04
   334  0.83374929E+00   0.83499932E+00   0.10102632E+01   0.33569500E-04  -0.20613779E+04
   335  0.83624935E+00   0.83749932E+00   0.10102633E+01   0.34227432E-04  -0.20613789E+04
   336  0.83874929E+00   0.83999932E+00   0.10102633E+01   0.30975138E-04  -0.20613813E+04
   337  0.84124935E+00   0.84249932E+00   0.10102632E+01   0.31690826E-04  -0.20613813E+04
   338  0.84374928E+00   0.84499931E+00   0.10102633E+01   0.32871227E-04  -0.20613838E+04
   339  0.84624934E+00   0.84749931E+00   0.10102632E+01   0.33618177E-04  -0.20613848E+04
   340  0.84874928E+00   0.84999931E+00   0.10102628E+01   0.36034045E-04  -0.20613857E+04
   341  0.85124934E+00   0.85249931E+00   0.10102632E+01   0.36655001E-04  -0.20613867E+04
   342  0.85374928E+00   0.85499930E+00   0.10102632E+01   0.37942293E-04  -0.20613877E+04
   343  0.85624933E+00   0.85749930E+00   0.10102630E+01   0.38667466E-04  -0.20613877E+04
   344  0.85874927E+00   0.85999930E+00   0.10102631E+01   0.39163366E-04  -0.20613882E+04
   345  0.86124933E+00   0.86249930E+00   0.10102631E+01   0.39863451E-04  -0.20613882E+04
   346  0.86374927E+00   0.86499929E+00   0.10102636E+01   0.40628664E-04  -0.20613887E+04
   347  0.86624932E+00   0.86749929E+00   0.10102630E+01   0.41392479E-04  -0.20613877E+04
   348  0.86874926E+00   0.86999929E+00   0.10102631E+01   0.42179185E-04  -0.20613882E+04
   349  0.87124932E+00   0.87249929E+00   0.10102638E+01   0.43000655E-04  -0.20613882E+04
   350  0.87374926E+00   0.87499928E+00   0.10102648E+01   0.43755801E-04  -0.20613887E+04
   351  0.87624931E+00   0.87749928E+00   0.10102656E+01   0.44369946E-04  -0.20613877E+04
   352  0.87874925E+00   0.87999928E+00   0.10102661E+01   0.23741164E-04  -0.20613950E+04
   353  0.88124931E+00   0.88249928E+00   0.10102657E+01   0.24444462E-04  -0.20613906E+04
   354  0.88374925E+00   0.88499928E+00   0.10102651E+01   0.25351039E-04  -0.20613955E+04
   355  0.88624930E+00   0.88749927E+00   0.10102642E+01   0.25974980E-04  -0.20613999E+04
   356  0.88874924E+00   0.88999927E+00   0.10102632E+01   0.26888225E-04  -0.20614038E+04
   357  0.89124930E+00   0.89249927E+00   0.10102633E+01   0.27522758E-04  -0.20614082E+04
   358  0.89374924E+00   0.89499927E+00   0.10102636E+01   0.28475966E-04  -0.20614116E+04
   359  0.89624929E+00   0.89749926E+00   0.10102631E+01   0.29260769E-04  -0.20614141E+04
   360  0.89874923E+00   0.89999926E+00   0.10102634E+01   0.32932334E-04  -0.20614155E+04
   361  0.90124929E+00   0.90249926E+00   0.10102631E+01   0.33461798E-04  -0.20614194E+04
   362  0.90374923E+00   0.90499926E+00   0.10102628E+01   0.34903089E-04  -0.20614209E+04
   363  0.90624928E+00   0.90749925E+00   0.10102632E+01   0.35544104E-04  -0.20614229E+04
   364  0.90874922E+00   0.90999925E+00   0.10102627E+01   0.37494501E-04  -0.20614243E+04
   365  0.91124928E+00   0.91249925E+00   0.10102625E+01   0.38196027E-04  -0.20614263E+04
   366  0.91374922E+00   0.91499925E+00   0.10102627E+01   0.39167124E-04  -0.20614277E+04
   367  0.91624928E+00   0.91749924E+00   0.10102630E+01   0.39847662E-04  -0.20614277E+04
   368  0.91874921E+00   0.91999924E+00   0.10102626E+01   0.45954512E-04  -0.20614253E+04
   369  0.92124927E+00   0.92249924E+00   0.10102627E+01   0.46634868E-04  -0.20614263E+04
   370  0.92374921E+00   0.92499924E+00   0.10102630E+01   0.47162361E-04  -0.20614263E+04
   371  0.92624927E+00   0.92749923E+00   0.10102626E+01   0.47854268E-04  -0.20614248E+04
   372  0.92874920E+00   0.92999923E+00   0.10102628E+01   0.48731319E-04  -0.20614233E+04
   373  0.93124926E+00   0.93249923E+00   0.10102632E+01   0.49380134E-04  -0.20614219E+04
   374  0.93374920E+00   0.93499923E+00   0.10102631E+01   0.50828872E-04  -0.20614194E+04
   375  0.93624926E+00   0.93749923E+00   0.10102630E+01   0.51295003E-04  -0.20614175E+04
   376  0.93874919E+00   0.93999922E+00   0.10102627E+01   0.55068074E-04  -0.20614136E+04
   377  0.94124925E+00   0.94249922E+00   0.10102628E+01   0.55715431E-04  -0.20614126E+04
   378  0.94374919E+00   0.94499922E+00   0.10102633E+01   0.56149245E-04  -0.20614106E+04
   379  0.94624925E+00   0.94749922E+00   0.10102631E+01   0.56775472E-04  -0.20614077E+04
   380  0.94874918E+00   0.94999921E+00   0.10102632E+01   0.56609726E-04  -0.20614048E+04
   381  0.95124924E+00   0.95249921E+00   0.10102633E+01   0.57250894E-04  -0.20614009E+04
   382  0.95374918E+00   0.95499921E+00   0.10102639E+01   0.58757334E-04  -0.20613975E+04
   383  0.95624924E+00   0.95749921E+00   0.10102648E+01   0.59254715E-04  -0.20613936E+04
   384  0.95874918E+00   0.95999920E+00   0.10102646E+01   0.47868351E-04  -0.20613936E+04
   385  0.96124923E+00   0.96249920E+00   0.10102632E+01   0.48472844E-04  -0.20613872E+04
   386  0.96374917E+00   0.96499920E+00   0.10102583E+01   0.49582832E-04  -0.20613857E+04
   387  0.96624923E+00   0.96749920E+00   0.10102427E+01   0.50215069E-04  -0.20613853E+04
   388  0.96874917E+00   0.96999919E+00   0.10101916E+01   0.50861861E-04  -0.20613843E+04
   389  0.97124922E+00   0.97249919E+00   0.10100338E+01   0.51468782E-04  -0.20613823E+04
   390  0.97374916E+00   0.97499919E+00   0.10095741E+01   0.52504449E-04  -0.20613809E+04
   391  0.97624922E+00   0.97749919E+00   0.10083175E+01   0.52736639E-04  -0.20613794E+04
   392  0.97874916E+00   0.97999918E+00   0.10051118E+01   0.53941909E-04  -0.20613770E+04
   393  0.98124921E+00   0.98249918E+00   0.99751198E+00   0.52806459E-04  -0.20613750E+04
   394  0.98374915E+00   0.98499918E+00   0.98084164E+00   0.50123050E-04  -0.20613726E+04
   395  0.98624921E+00   0.98749918E+00   0.94717693E+00   0.44923629E-04  -0.20613691E+04
   396  0.98874915E+00   0.98999918E+00   0.88494605E+00   0.37107195E-04  -0.20613662E+04
   397  0.99124920E+00   0.99249917E+00   0.78027523E+00   0.26586673E-04  -0.20613628E+04
   398  0.99374914E+00   0.99499917E+00   0.62120277E+00   0.16365368E-04  -0.20613594E+04
   399  0.99624920E+00   0.99749917E+00   0.40433136E+00   0.71955246E-05  -0.20613555E+04
   400  0.99874914E+00   0.99999917E+00   0.14115049E+00   0.00000000E+00  -0.20613530E+04
