   1 -0.49812498E+01  -0.49625001E+01   0.10012680E+01  -0.68877046E-02   0.00000000E+00
   2 -0.49437504E+01  -0.49250002E+01   0.10025527E+01  -0.68230066E-02  -0.83349609E+00
   3 -0.49062500E+01  -0.48875003E+01   0.10037714E+01  -0.66033462E-02  -0.25107422E+01
   4 -0.48687506E+01  -0.48500004E+01   0.10049027E+01  -0.63034864E-02  -0.49907227E+01
   5 -0.48312502E+01  -0.48125005E+01   0.10059336E+01  -0.59365067E-02  -0.82211914E+01
   6 -0.47937508E+01  -0.47750006E+01   0.10068561E+01  -0.55218758E-02  -0.12141602E+02
   7 -0.47562504E+01  -0.47375007E+01   0.10076672E+01  -0.50791013E-02  -0.16675293E+02
   8 -0.47187510E+01  -0.47000008E+01   0.10083727E+01  -0.46268338E-02  -0.21762207E+02
   9 -0.46812506E+01  -0.46625009E+01   0.10089784E+01  -0.41795271E-02  -0.27325195E+02
  10 -0.46437511E+01  -0.46250010E+01   0.10094943E+01  -0.37483061E-02  -0.33298340E+02
  11 -0.46062508E+01  -0.45875010E+01   0.10099312E+01  -0.33410871E-02  -0.39638672E+02
  12 -0.45687513E+01  -0.45500011E+01   0.10102984E+01  -0.29631017E-02  -0.46280762E+02
  13 -0.45312510E+01  -0.45125012E+01   0.10106066E+01  -0.26159140E-02  -0.53187500E+02
  14 -0.44937515E+01  -0.44750013E+01   0.10108645E+01  -0.23011025E-02  -0.60318359E+02
  15 -0.44562511E+01  -0.44375014E+01   0.10110791E+01  -0.20178885E-02  -0.67645996E+02
  16 -0.44187517E+01  -0.44000015E+01   0.10112571E+01  -0.17646686E-02  -0.75145020E+02
  17 -0.43812513E+01  -0.43625016E+01   0.10114057E+01  -0.15397177E-02  -0.82784180E+02
  18 -0.43437519E+01  -0.43250017E+01   0.10115291E+01  -0.13408783E-02  -0.90551758E+02
  19 -0.43062515E+01  -0.42875018E+01   0.10116305E+01  -0.11654388E-02  -0.98426270E+02
  20 -0.42687521E+01  -0.42500019E+01   0.10117147E+01  -0.10113618E-02  -0.10640039E+03
  21 -0.42312517E+01  -0.42125020E+01   0.10117843E+01  -0.87623321E-03  -0.11446240E+03
  22 -0.41937523E+01  -0.41750021E+01   0.10118413E+01  -0.75803953E-03  -0.12259668E+03
  23 -0.41562519E+01  -0.41375022E+01   0.10118880E+01  -0.65497000E-03  -0.13080518E+03
  24 -0.41187525E+01  -0.41000023E+01   0.10119261E+01  -0.56479301E-03  -0.13907471E+03
  25 -0.40812521E+01  -0.40625024E+01   0.10119565E+01  -0.48634538E-03  -0.14740283E+03
  26 -0.40437527E+01  -0.40250025E+01   0.10119808E+01  -0.41824317E-03  -0.15577930E+03
  27 -0.40062523E+01  -0.39875026E+01   0.10119998E+01  -0.35883568E-03  -0.16420898E+03
  28 -0.39687526E+01  -0.39500027E+01   0.10120152E+01  -0.30739710E-03  -0.17268066E+03
  29 -0.39312527E+01  -0.39125028E+01   0.10120256E+01  -0.26243771E-03  -0.18120410E+03
  30 -0.38937528E+01  -0.38750029E+01   0.10120337E+01  -0.22343731E-03  -0.18976416E+03
  31 -0.38562529E+01  -0.38375030E+01   0.10120388E+01  -0.18983883E-03  -0.19836572E+03
  32 -0.38187530E+01  -0.38000031E+01   0.10120418E+01  -0.16032753E-03  -0.20699902E+03
  33 -0.37812531E+01  -0.37625031E+01   0.10120424E+01  -0.13499089E-03  -0.21566992E+03
  34 -0.37437532E+01  -0.37250032E+01   0.10120414E+01  -0.11308698E-03  -0.22437891E+03
  35 -0.37062533E+01  -0.36875033E+01   0.10120395E+01  -0.94112438E-04  -0.23311816E+03
  36 -0.36687534E+01  -0.36500034E+01   0.10120364E+01  -0.77376957E-04  -0.24189453E+03
  37 -0.36312535E+01  -0.36125035E+01   0.10120316E+01  -0.62997875E-04  -0.25070215E+03
  38 -0.35937536E+01  -0.35750036E+01   0.10120258E+01  -0.50697792E-04  -0.25953857E+03
  39 -0.35562537E+01  -0.35375037E+01   0.10120202E+01  -0.39996736E-04  -0.26840869E+03
  40 -0.35187538E+01  -0.35000038E+01   0.10120126E+01  -0.30569707E-04  -0.27730713E+03
  41 -0.34812539E+01  -0.34625039E+01   0.10120053E+01  -0.22453636E-04  -0.28623877E+03
  42 -0.34437540E+01  -0.34250040E+01   0.10119979E+01  -0.15536876E-04  -0.29519775E+03
  43 -0.34062541E+01  -0.33875041E+01   0.10119891E+01  -0.94761681E-05  -0.30418311E+03
  44 -0.33687541E+01  -0.33500042E+01   0.10119802E+01  -0.40465156E-05  -0.31320166E+03
  45 -0.33312542E+01  -0.33125043E+01   0.10119711E+01   0.35352357E-06  -0.32225146E+03
  46 -0.32937543E+01  -0.32750044E+01   0.10119618E+01   0.43237969E-05  -0.33132861E+03
  47 -0.32562544E+01  -0.32375045E+01   0.10119524E+01   0.76005012E-05  -0.34043213E+03
  48 -0.32187545E+01  -0.32000046E+01   0.10119424E+01   0.10768250E-04  -0.34956396E+03
  49 -0.31812546E+01  -0.31625047E+01   0.10119323E+01   0.13256355E-04  -0.35873096E+03
  50 -0.31437547E+01  -0.31250048E+01   0.10119220E+01   0.15378813E-04  -0.36792188E+03
  51 -0.31062548E+01  -0.30875049E+01   0.10119119E+01   0.17442779E-04  -0.37714307E+03
  52 -0.30687549E+01  -0.30500050E+01   0.10119023E+01   0.18909859E-04  -0.38638379E+03
  53 -0.30312550E+01  -0.30125051E+01   0.10118911E+01   0.20462943E-04  -0.39565479E+03
  54 -0.29937551E+01  -0.29750051E+01   0.10118808E+01   0.21669797E-04  -0.40495898E+03
  55 -0.29562552E+01  -0.29375052E+01   0.10118699E+01   0.22765274E-04  -0.41428174E+03
  56 -0.29187553E+01  -0.29000053E+01   0.10118595E+01   0.23588942E-04  -0.42363623E+03
  57 -0.28812554E+01  -0.28625054E+01   0.10118492E+01   0.24514196E-04  -0.43302490E+03
  58 -0.28437555E+01  -0.28250055E+01   0.10118383E+01   0.25300484E-04  -0.44244238E+03
  59 -0.28062556E+01  -0.27875056E+01   0.10118273E+01   0.25826790E-04  -0.45188623E+03
  60 -0.27687557E+01  -0.27500057E+01   0.10118166E+01   0.26307440E-04  -0.46135693E+03
  61 -0.27312558E+01  -0.27125058E+01   0.10118058E+01   0.26903013E-04  -0.47085547E+03
  62 -0.26937559E+01  -0.26750059E+01   0.10117942E+01   0.27088941E-04  -0.48038281E+03
  63 -0.26562560E+01  -0.26375060E+01   0.10117838E+01   0.27554104E-04  -0.48993652E+03
  64 -0.26187561E+01  -0.26000061E+01   0.10117726E+01   0.27767681E-04  -0.49951807E+03
  65 -0.25812562E+01  -0.25625062E+01   0.10117618E+01   0.28095845E-04  -0.50912842E+03
  66 -0.25437562E+01  -0.25250063E+01   0.10117508E+01   0.28333228E-04  -0.51876953E+03
  67 -0.25062563E+01  -0.24875064E+01   0.10117396E+01   0.28384164E-04  -0.52843994E+03
  68 -0.24687564E+01  -0.24500065E+01   0.10117286E+01   0.28753862E-04  -0.53812500E+03
  69 -0.24312565E+01  -0.24125066E+01   0.10117173E+01   0.28625138E-04  -0.54784277E+03
  70 -0.23937566E+01  -0.23750067E+01   0.10117068E+01   0.29038551E-04  -0.55759180E+03
  71 -0.23562567E+01  -0.23375068E+01   0.10116960E+01   0.29078827E-04  -0.56737109E+03
  72 -0.23187568E+01  -0.23000069E+01   0.10116849E+01   0.29057794E-04  -0.57717188E+03
  73 -0.22812569E+01  -0.22625070E+01   0.10116738E+01   0.29183644E-04  -0.58699805E+03
  74 -0.22437570E+01  -0.22250071E+01   0.10116624E+01   0.29555567E-04  -0.59685449E+03
  75 -0.22062571E+01  -0.21875072E+01   0.10116514E+01   0.29342622E-04  -0.60673535E+03
  76 -0.21687572E+01  -0.21500072E+01   0.10116408E+01   0.29314306E-04  -0.61664014E+03
  77 -0.21312573E+01  -0.21125073E+01   0.10116296E+01   0.29478353E-04  -0.62657959E+03
  78 -0.20937574E+01  -0.20750074E+01   0.10116180E+01   0.29480443E-04  -0.63654395E+03
  79 -0.20562575E+01  -0.20375075E+01   0.10116071E+01   0.29643223E-04  -0.64653809E+03
  80 -0.20187576E+01  -0.20000076E+01   0.10115962E+01   0.29659108E-04  -0.65655957E+03
  81 -0.19812577E+01  -0.19625076E+01   0.10115849E+01   0.29481189E-04  -0.66661279E+03
  82 -0.19437575E+01  -0.19250076E+01   0.10115739E+01   0.29615774E-04  -0.67669434E+03
  83 -0.19062576E+01  -0.18875076E+01   0.10115627E+01   0.29604274E-04  -0.68680078E+03
  84 -0.18687575E+01  -0.18500075E+01   0.10115520E+01   0.29672065E-04  -0.69693896E+03
  85 -0.18312576E+01  -0.18125075E+01   0.10115407E+01   0.29544237E-04  -0.70709961E+03
  86 -0.17937574E+01  -0.17750075E+01   0.10115300E+01   0.29663403E-04  -0.71728662E+03
  87 -0.17562575E+01  -0.17375075E+01   0.10115186E+01   0.29851182E-04  -0.72750830E+03
  88 -0.17187574E+01  -0.17000074E+01   0.10115070E+01   0.29575211E-04  -0.73775928E+03
  89 -0.16812575E+01  -0.16625074E+01   0.10114965E+01   0.29683826E-04  -0.74803223E+03
  90 -0.16437573E+01  -0.16250074E+01   0.10114856E+01   0.29737892E-04  -0.75832861E+03
  91 -0.16062574E+01  -0.15875074E+01   0.10114747E+01   0.29743651E-04  -0.76865625E+03
  92 -0.15687573E+01  -0.15500073E+01   0.10114632E+01   0.29775181E-04  -0.77900928E+03
  93 -0.15312574E+01  -0.15125073E+01   0.10114521E+01   0.29782686E-04  -0.78939795E+03
  94 -0.14937572E+01  -0.14750073E+01   0.10114410E+01   0.29776769E-04  -0.79980225E+03
  95 -0.14562573E+01  -0.14375073E+01   0.10114303E+01   0.29782932E-04  -0.81023730E+03
  96 -0.14187572E+01  -0.14000072E+01   0.10114186E+01   0.29771920E-04  -0.82070215E+03
  97 -0.13812573E+01  -0.13625072E+01   0.10114074E+01   0.29761271E-04  -0.83119727E+03
  98 -0.13437572E+01  -0.13250072E+01   0.10113968E+01   0.29836830E-04  -0.84171582E+03
  99 -0.13062572E+01  -0.12875072E+01   0.10113854E+01   0.29859106E-04  -0.85226123E+03
 100 -0.12687571E+01  -0.12500072E+01   0.10113739E+01   0.29760562E-04  -0.86283691E+03
 101 -0.12312572E+01  -0.12125071E+01   0.10113635E+01   0.29701569E-04  -0.87344775E+03
 102 -0.11937571E+01  -0.11750071E+01   0.10113527E+01   0.29683555E-04  -0.88408008E+03
 103 -0.11562572E+01  -0.11375071E+01   0.10113412E+01   0.29794228E-04  -0.89473486E+03
 104 -0.11187570E+01  -0.11000071E+01   0.10113305E+01   0.29663875E-04  -0.90543018E+03
 105 -0.10812571E+01  -0.10625070E+01   0.10113189E+01   0.29981165E-04  -0.91614990E+03
 106 -0.10437570E+01  -0.10250070E+01   0.10113082E+01   0.29685889E-04  -0.92689404E+03
 107 -0.10062571E+01  -0.98750699E+00   0.10112972E+01   0.29631010E-04  -0.93766406E+03
 108 -0.96875697E+00  -0.95000696E+00   0.10112859E+01   0.29876022E-04  -0.94846240E+03
 109 -0.93125695E+00  -0.91250694E+00   0.10112747E+01   0.29758781E-04  -0.95928955E+03
 110 -0.89375693E+00  -0.87500691E+00   0.10112635E+01   0.29732970E-04  -0.97014453E+03
 111 -0.85625690E+00  -0.83750689E+00   0.10112526E+01   0.29731003E-04  -0.98101904E+03
 112 -0.81875688E+00  -0.80000687E+00   0.10112417E+01   0.29766690E-04  -0.99192871E+03
 113 -0.78125685E+00  -0.76250684E+00   0.10112307E+01   0.29736451E-04  -0.10028726E+04
 114 -0.74375683E+00  -0.72500682E+00   0.10112193E+01   0.29854340E-04  -0.10138320E+04
 115 -0.70625681E+00  -0.68750679E+00   0.10112078E+01   0.29790743E-04  -0.10248203E+04
 116 -0.66875678E+00  -0.65000677E+00   0.10111973E+01   0.29683406E-04  -0.10358394E+04
 117 -0.63125676E+00  -0.61250675E+00   0.10111860E+01   0.29798915E-04  -0.10468940E+04
 118 -0.59375674E+00  -0.57500672E+00   0.10111747E+01   0.29872786E-04  -0.10579678E+04
 119 -0.55625671E+00  -0.53750670E+00   0.10111637E+01   0.29821585E-04  -0.10690732E+04
 120 -0.51875669E+00  -0.50000668E+00   0.10111529E+01   0.29777595E-04  -0.10801973E+04
 121 -0.48125666E+00  -0.46250668E+00   0.10111419E+01   0.29698995E-04  -0.10913623E+04
 122 -0.44375670E+00  -0.42500669E+00   0.10111309E+01   0.29707197E-04  -0.11025576E+04
 123 -0.40625668E+00  -0.38750669E+00   0.10111195E+01   0.29675299E-04  -0.11137686E+04
 124 -0.36875671E+00  -0.35000670E+00   0.10111086E+01   0.29844814E-04  -0.11250156E+04
 125 -0.33125669E+00  -0.31250671E+00   0.10110968E+01   0.29889132E-04  -0.11362930E+04
 126 -0.29375672E+00  -0.27500671E+00   0.10110859E+01   0.29886281E-04  -0.11475972E+04
 127 -0.25625670E+00  -0.23750672E+00   0.10110751E+01   0.29679852E-04  -0.11589219E+04
 128 -0.21875672E+00  -0.20000672E+00   0.10110639E+01   0.29859275E-04  -0.11702744E+04
 129 -0.18125673E+00  -0.16250673E+00   0.10110528E+01   0.29740258E-04  -0.11816572E+04
 130 -0.14375673E+00  -0.12500674E+00   0.10110419E+01   0.29870986E-04  -0.11930610E+04
 131 -0.10625674E+00  -0.87506734E-01   0.10110306E+01   0.29826229E-04  -0.12044966E+04
 132 -0.68756729E-01  -0.50006732E-01   0.10110197E+01   0.29723706E-04  -0.12159585E+04
 133 -0.31256732E-01  -0.12506731E-01   0.10110084E+01   0.29702163E-04  -0.12274487E+04
 134  0.62432699E-02   0.24993271E-01   0.10109972E+01   0.29831692E-04  -0.12389736E+04
 135  0.43743271E-01   0.62493272E-01   0.10109860E+01   0.29950117E-04  -0.12505186E+04
 136  0.81243277E-01   0.99993274E-01   0.10109755E+01   0.29588382E-04  -0.12620962E+04
 137  0.11874328E+00   0.13749328E+00   0.10109634E+01   0.29792496E-04  -0.12737051E+04
 138  0.15624328E+00   0.17499328E+00   0.10109529E+01   0.29658991E-04  -0.12853433E+04
 139  0.19374327E+00   0.21249327E+00   0.10109422E+01   0.29747556E-04  -0.12970024E+04
 140  0.23124327E+00   0.24999326E+00   0.10109310E+01   0.29825931E-04  -0.13086904E+04
 141  0.26874328E+00   0.28749326E+00   0.10109198E+01   0.29611299E-04  -0.13204141E+04
 142  0.30624324E+00   0.32499325E+00   0.10109088E+01   0.29783545E-04  -0.13321514E+04
 143  0.34374326E+00   0.36249325E+00   0.10108976E+01   0.29786523E-04  -0.13439277E+04
 144  0.38124323E+00   0.39999324E+00   0.10108864E+01   0.29720986E-04  -0.13557251E+04
 145  0.41874325E+00   0.43749323E+00   0.10108752E+01   0.29805509E-04  -0.13675522E+04
 146  0.45624322E+00   0.47499323E+00   0.10108647E+01   0.29621358E-04  -0.13794087E+04
 147  0.49374324E+00   0.51249325E+00   0.10108527E+01   0.29853511E-04  -0.13912861E+04
 148  0.53124326E+00   0.54999328E+00   0.10108421E+01   0.29767914E-04  -0.14031919E+04
 149  0.56874329E+00   0.58749330E+00   0.10108311E+01   0.29708295E-04  -0.14151294E+04
 150  0.60624331E+00   0.62499332E+00   0.10108197E+01   0.29869989E-04  -0.14270967E+04
 151  0.64374334E+00   0.66249335E+00   0.10108083E+01   0.29901008E-04  -0.14390835E+04
 152  0.68124336E+00   0.69999337E+00   0.10107977E+01   0.29778988E-04  -0.14511030E+04
 153  0.71874338E+00   0.73749340E+00   0.10107863E+01   0.29838469E-04  -0.14631577E+04
 154  0.75624341E+00   0.77499342E+00   0.10107753E+01   0.29604616E-04  -0.14752378E+04
 155  0.79374343E+00   0.81249344E+00   0.10107644E+01   0.29916822E-04  -0.14873452E+04
 156  0.83124346E+00   0.84999347E+00   0.10107532E+01   0.29712237E-04  -0.14994761E+04
 157  0.86874348E+00   0.88749349E+00   0.10107422E+01   0.29823836E-04  -0.15116392E+04
 158  0.90624350E+00   0.92499352E+00   0.10107306E+01   0.30033667E-04  -0.15238296E+04
 159  0.94374353E+00   0.96249354E+00   0.10107198E+01   0.29840996E-04  -0.15360522E+04
 160  0.98124355E+00   0.99999356E+00   0.10107085E+01   0.29734034E-04  -0.15482979E+04
 161  0.10187435E+01   0.10374936E+01   0.10106975E+01   0.29810421E-04  -0.15605649E+04
 162  0.10562437E+01   0.10749936E+01   0.10106864E+01   0.29874112E-04  -0.15728638E+04
 163  0.10937436E+01   0.11124936E+01   0.10106752E+01   0.29810766E-04  -0.15851934E+04
 164  0.11312437E+01   0.11499937E+01   0.10106641E+01   0.29793120E-04  -0.15975488E+04
 165  0.11687436E+01   0.11874937E+01   0.10106527E+01   0.29883724E-04  -0.16099321E+04
 166  0.12062438E+01   0.12249937E+01   0.10106418E+01   0.29934163E-04  -0.16223452E+04
 167  0.12437437E+01   0.12624937E+01   0.10106312E+01   0.29658166E-04  -0.16347808E+04
 168  0.12812438E+01   0.12999938E+01   0.10106200E+01   0.29892439E-04  -0.16472544E+04
 169  0.13187437E+01   0.13374938E+01   0.10106089E+01   0.29702442E-04  -0.16597515E+04
 170  0.13562438E+01   0.13749938E+01   0.10105976E+01   0.29833111E-04  -0.16722773E+04
 171  0.13937438E+01   0.14124938E+01   0.10105863E+01   0.29727282E-04  -0.16848330E+04
 172  0.14312439E+01   0.14499938E+01   0.10105753E+01   0.29920984E-04  -0.16974185E+04
 173  0.14687438E+01   0.14874939E+01   0.10105642E+01   0.29782257E-04  -0.17100254E+04
 174  0.15062439E+01   0.15249939E+01   0.10105528E+01   0.29897759E-04  -0.17226587E+04
 175  0.15437438E+01   0.15624939E+01   0.10105419E+01   0.29724297E-04  -0.17353286E+04
 176  0.15812440E+01   0.15999939E+01   0.10105307E+01   0.29686651E-04  -0.17480176E+04
 177  0.16187439E+01   0.16374940E+01   0.10105199E+01   0.29877127E-04  -0.17607295E+04
 178  0.16562440E+01   0.16749940E+01   0.10105089E+01   0.29743058E-04  -0.17734746E+04
 179  0.16937439E+01   0.17124940E+01   0.10104977E+01   0.29880950E-04  -0.17862490E+04
 180  0.17312441E+01   0.17499940E+01   0.10104865E+01   0.29842904E-04  -0.17990449E+04
 181  0.17687440E+01   0.17874941E+01   0.10104749E+01   0.29847823E-04  -0.18118755E+04
 182  0.18062441E+01   0.18249941E+01   0.10104638E+01   0.29784758E-04  -0.18247388E+04
 183  0.18437440E+01   0.18624941E+01   0.10104530E+01   0.29667875E-04  -0.18376304E+04
 184  0.18812442E+01   0.18999941E+01   0.10104421E+01   0.29639925E-04  -0.18505493E+04
 185  0.19187441E+01   0.19374942E+01   0.10104306E+01   0.29814155E-04  -0.18634961E+04
 186  0.19562442E+01   0.19749942E+01   0.10104196E+01   0.29886183E-04  -0.18764692E+04
 187  0.19937441E+01   0.20124941E+01   0.10104086E+01   0.29758661E-04  -0.18894668E+04
 188  0.20312440E+01   0.20499940E+01   0.10103974E+01   0.29602928E-04  -0.19024927E+04
 189  0.20687439E+01   0.20874939E+01   0.10103865E+01   0.29766325E-04  -0.19155493E+04
 190  0.21062438E+01   0.21249938E+01   0.10103750E+01   0.29819850E-04  -0.19286348E+04
 191  0.21437438E+01   0.21624937E+01   0.10103641E+01   0.29646306E-04  -0.19417407E+04
 192  0.21812437E+01   0.21999936E+01   0.10103531E+01   0.29761137E-04  -0.19548730E+04
 193  0.22187436E+01   0.22374935E+01   0.10103420E+01   0.29800478E-04  -0.19680410E+04
 194  0.22562435E+01   0.22749934E+01   0.10103304E+01   0.29922294E-04  -0.19812344E+04
 195  0.22937434E+01   0.23124933E+01   0.10103194E+01   0.29748975E-04  -0.19944541E+04
 196  0.23312433E+01   0.23499932E+01   0.10103084E+01   0.29888184E-04  -0.20077119E+04
 197  0.23687432E+01   0.23874931E+01   0.10102973E+01   0.29804693E-04  -0.20209922E+04
 198  0.24062431E+01   0.24249930E+01   0.10102861E+01   0.29923967E-04  -0.20343003E+04
 199  0.24437430E+01   0.24624929E+01   0.10102750E+01   0.29622188E-04  -0.20476338E+04
 200  0.24812429E+01   0.24999928E+01   0.10102638E+01   0.29842000E-04  -0.20610034E+04
 201  0.25187428E+01   0.25374928E+01   0.10102526E+01   0.29796593E-04  -0.20743960E+04
 202  0.25562427E+01   0.25749927E+01   0.10102415E+01   0.29800489E-04  -0.20878120E+04
 203  0.25937426E+01   0.26124926E+01   0.10102303E+01   0.29868857E-04  -0.21012612E+04
 204  0.26312425E+01   0.26499925E+01   0.10102192E+01   0.29761019E-04  -0.21147349E+04
 205  0.26687424E+01   0.26874924E+01   0.10102081E+01   0.29823377E-04  -0.21282324E+04
 206  0.27062423E+01   0.27249923E+01   0.10101968E+01   0.29822115E-04  -0.21417637E+04
 207  0.27437422E+01   0.27624922E+01   0.10101862E+01   0.29746501E-04  -0.21553247E+04
 208  0.27812421E+01   0.27999921E+01   0.10101746E+01   0.29689958E-04  -0.21689146E+04
 209  0.28187420E+01   0.28374920E+01   0.10101639E+01   0.29645340E-04  -0.21825273E+04
 210  0.28562419E+01   0.28749919E+01   0.10101526E+01   0.29837061E-04  -0.21961772E+04
 211  0.28937418E+01   0.29124918E+01   0.10101411E+01   0.29786170E-04  -0.22098491E+04
 212  0.29312418E+01   0.29499917E+01   0.10101303E+01   0.29618652E-04  -0.22235493E+04
 213  0.29687417E+01   0.29874916E+01   0.10101197E+01   0.29808751E-04  -0.22372793E+04
 214  0.30062416E+01   0.30249915E+01   0.10101080E+01   0.29835401E-04  -0.22510356E+04
 215  0.30437415E+01   0.30624914E+01   0.10100968E+01   0.29791508E-04  -0.22648198E+04
 216  0.30812414E+01   0.30999913E+01   0.10100857E+01   0.29763836E-04  -0.22786270E+04
 217  0.31187413E+01   0.31374912E+01   0.10100746E+01   0.29824605E-04  -0.22924639E+04
 218  0.31562412E+01   0.31749911E+01   0.10100635E+01   0.29773195E-04  -0.23063262E+04
 219  0.31937411E+01   0.32124910E+01   0.10100526E+01   0.29751442E-04  -0.23202246E+04
 220  0.32312410E+01   0.32499909E+01   0.10100415E+01   0.29691691E-04  -0.23341479E+04
 221  0.32687409E+01   0.32874908E+01   0.10100302E+01   0.29653076E-04  -0.23481001E+04
 222  0.33062408E+01   0.33249907E+01   0.10100186E+01   0.29878140E-04  -0.23620786E+04
 223  0.33437407E+01   0.33624907E+01   0.10100076E+01   0.29879351E-04  -0.23760918E+04
 224  0.33812406E+01   0.33999906E+01   0.10099967E+01   0.29768044E-04  -0.23901338E+04
 225  0.34187405E+01   0.34374905E+01   0.10099854E+01   0.29735716E-04  -0.24042012E+04
 226  0.34562404E+01   0.34749904E+01   0.10099741E+01   0.29762148E-04  -0.24182959E+04
 227  0.34937403E+01   0.35124903E+01   0.10099627E+01   0.29791549E-04  -0.24324189E+04
 228  0.35312402E+01   0.35499902E+01   0.10099517E+01   0.29748871E-04  -0.24465610E+04
 229  0.35687401E+01   0.35874901E+01   0.10099407E+01   0.29819350E-04  -0.24607383E+04
 230  0.36062400E+01   0.36249900E+01   0.10099292E+01   0.29801666E-04  -0.24749395E+04
 231  0.36437399E+01   0.36624899E+01   0.10099186E+01   0.29885578E-04  -0.24891719E+04
 232  0.36812398E+01   0.36999898E+01   0.10099066E+01   0.29860219E-04  -0.25034370E+04
 233  0.37187397E+01   0.37374897E+01   0.10098960E+01   0.29724848E-04  -0.25177324E+04
 234  0.37562397E+01   0.37749896E+01   0.10098848E+01   0.29720992E-04  -0.25320479E+04
 235  0.37937396E+01   0.38124895E+01   0.10098735E+01   0.29784163E-04  -0.25464004E+04
 236  0.38312395E+01   0.38499894E+01   0.10098627E+01   0.29696457E-04  -0.25607798E+04
 237  0.38687394E+01   0.38874893E+01   0.10098516E+01   0.29851728E-04  -0.25751851E+04
 238  0.39062393E+01   0.39249892E+01   0.10098401E+01   0.29704777E-04  -0.25896099E+04
 239  0.39437392E+01   0.39624891E+01   0.10098292E+01   0.29967827E-04  -0.26040635E+04
 240  0.39812391E+01   0.39999890E+01   0.10098180E+01   0.29714578E-04  -0.26185542E+04
 241  0.40187387E+01   0.40374889E+01   0.10098071E+01   0.29914201E-04  -0.26330698E+04
 242  0.40562391E+01   0.40749888E+01   0.10097954E+01   0.29880197E-04  -0.26476167E+04
 243  0.40937386E+01   0.41124887E+01   0.10097847E+01   0.29918010E-04  -0.26621909E+04
 244  0.41312389E+01   0.41499887E+01   0.10097734E+01   0.29894749E-04  -0.26767930E+04
 245  0.41687384E+01   0.41874886E+01   0.10097620E+01   0.29763281E-04  -0.26914243E+04
 246  0.42062387E+01   0.42249885E+01   0.10097512E+01   0.29798392E-04  -0.27060884E+04
 247  0.42437382E+01   0.42624884E+01   0.10097404E+01   0.29660543E-04  -0.27207720E+04
 248  0.42812386E+01   0.42999883E+01   0.10097289E+01   0.29782295E-04  -0.27354868E+04
 249  0.43187380E+01   0.43374882E+01   0.10097178E+01   0.29849287E-04  -0.27502290E+04
 250  0.43562384E+01   0.43749881E+01   0.10097061E+01   0.29825856E-04  -0.27650010E+04
 251  0.43937378E+01   0.44124880E+01   0.10096952E+01   0.29761053E-04  -0.27797954E+04
 252  0.44312382E+01   0.44499879E+01   0.10096841E+01   0.29803219E-04  -0.27946284E+04
 253  0.44687376E+01   0.44874878E+01   0.10096730E+01   0.29828367E-04  -0.28094800E+04
 254  0.45062380E+01   0.45249877E+01   0.10096622E+01   0.29798650E-04  -0.28243657E+04
 255  0.45437374E+01   0.45624876E+01   0.10096506E+01   0.29875029E-04  -0.28392808E+04
 256  0.45812378E+01   0.45999875E+01   0.10096389E+01   0.29805145E-04  -0.28542227E+04
 257  0.46187372E+01   0.46374874E+01   0.10096282E+01   0.29720033E-04  -0.28691948E+04
 258  0.46562376E+01   0.46749873E+01   0.10096170E+01   0.29857420E-04  -0.28842007E+04
 259  0.46937370E+01   0.47124872E+01   0.10096061E+01   0.29799503E-04  -0.28992217E+04
 260  0.47312374E+01   0.47499871E+01   0.10095941E+01   0.29965890E-04  -0.29142686E+04
 261  0.47687368E+01   0.47874870E+01   0.10095840E+01   0.29749492E-04  -0.29293564E+04
 262  0.48062372E+01   0.48249869E+01   0.10095720E+01   0.29842560E-04  -0.29444692E+04
 263  0.48437366E+01   0.48624868E+01   0.10095613E+01   0.29838211E-04  -0.29596030E+04
 264  0.48812370E+01   0.48999867E+01   0.10095499E+01   0.29719651E-04  -0.29747671E+04
 265  0.49187365E+01   0.49374866E+01   0.10095389E+01   0.29781017E-04  -0.29899629E+04
 266  0.49562368E+01   0.49749866E+01   0.10095274E+01   0.29856570E-04  -0.30051870E+04
 267  0.49937363E+01   0.50124865E+01   0.10095164E+01   0.29960920E-04  -0.30204463E+04
 268  0.50312366E+01   0.50499864E+01   0.10095053E+01   0.29668869E-04  -0.30357212E+04
 269  0.50687361E+01   0.50874863E+01   0.10094941E+01   0.29692748E-04  -0.30510366E+04
 270  0.51062365E+01   0.51249862E+01   0.10094831E+01   0.29635892E-04  -0.30663755E+04
 271  0.51437359E+01   0.51624861E+01   0.10094714E+01   0.30064824E-04  -0.30817344E+04
 272  0.51812363E+01   0.51999860E+01   0.10094604E+01   0.29698003E-04  -0.30971323E+04
 273  0.52187357E+01   0.52374859E+01   0.10094490E+01   0.29780525E-04  -0.31125571E+04
 274  0.52562361E+01   0.52749858E+01   0.10094380E+01   0.29929952E-04  -0.31280059E+04
 275  0.52937355E+01   0.53124857E+01   0.10094268E+01   0.29663805E-04  -0.31434893E+04
 276  0.53312359E+01   0.53499856E+01   0.10094156E+01   0.29897490E-04  -0.31590010E+04
 277  0.53687353E+01   0.53874855E+01   0.10094044E+01   0.29802975E-04  -0.31745381E+04
 278  0.54062357E+01   0.54249854E+01   0.10093936E+01   0.29939631E-04  -0.31900977E+04
 279  0.54437351E+01   0.54624853E+01   0.10093828E+01   0.29769482E-04  -0.32056968E+04
 280  0.54812355E+01   0.54999852E+01   0.10093714E+01   0.29905939E-04  -0.32213174E+04
 281  0.55187349E+01   0.55374851E+01   0.10093603E+01   0.29775703E-04  -0.32369668E+04
 282  0.55562353E+01   0.55749850E+01   0.10093489E+01   0.29801711E-04  -0.32526445E+04
 283  0.55937347E+01   0.56124849E+01   0.10093377E+01   0.29767556E-04  -0.32683525E+04
 284  0.56312351E+01   0.56499848E+01   0.10093261E+01   0.29813715E-04  -0.32840908E+04
 285  0.56687346E+01   0.56874847E+01   0.10093154E+01   0.29922045E-04  -0.32998530E+04
 286  0.57062349E+01   0.57249846E+01   0.10093038E+01   0.29814981E-04  -0.33156484E+04
 287  0.57437344E+01   0.57624846E+01   0.10092928E+01   0.29797951E-04  -0.33314663E+04
 288  0.57812347E+01   0.57999845E+01   0.10092814E+01   0.29876070E-04  -0.33473154E+04
 289  0.58187342E+01   0.58374844E+01   0.10092705E+01   0.29807630E-04  -0.33631895E+04
 290  0.58562346E+01   0.58749843E+01   0.10092590E+01   0.29943878E-04  -0.33790928E+04
 291  0.58937340E+01   0.59124842E+01   0.10092477E+01   0.29706503E-04  -0.33950234E+04
 292  0.59312344E+01   0.59499841E+01   0.10092366E+01   0.29817922E-04  -0.34109893E+04
 293  0.59687338E+01   0.59874840E+01   0.10092260E+01   0.29919229E-04  -0.34269873E+04
 294  0.60062342E+01   0.60249839E+01   0.10092144E+01   0.29918621E-04  -0.34430117E+04
 295  0.60437336E+01   0.60624838E+01   0.10092036E+01   0.29663332E-04  -0.34590669E+04
 296  0.60812340E+01   0.60999837E+01   0.10091923E+01   0.29903533E-04  -0.34751455E+04
 297  0.61187334E+01   0.61374836E+01   0.10091807E+01   0.29842702E-04  -0.34912471E+04
 298  0.61562338E+01   0.61749835E+01   0.10091695E+01   0.29963980E-04  -0.35073853E+04
 299  0.61937332E+01   0.62124834E+01   0.10091586E+01   0.29752455E-04  -0.35235474E+04
 300  0.62312336E+01   0.62499833E+01   0.10091474E+01   0.29943376E-04  -0.35397383E+04
 301  0.62687330E+01   0.62874832E+01   0.10091358E+01   0.29832569E-04  -0.35559697E+04
 302  0.63062334E+01   0.63249831E+01   0.10091251E+01   0.29976633E-04  -0.35722178E+04
 303  0.63437328E+01   0.63624830E+01   0.10091132E+01   0.29926799E-04  -0.35884990E+04
 304  0.63812332E+01   0.63999829E+01   0.10091021E+01   0.29850124E-04  -0.36048066E+04
 305  0.64187326E+01   0.64374828E+01   0.10090914E+01   0.29924240E-04  -0.36211367E+04
 306  0.64562330E+01   0.64749827E+01   0.10090801E+01   0.29792485E-04  -0.36375029E+04
 307  0.64937325E+01   0.65124826E+01   0.10090684E+01   0.29887286E-04  -0.36538872E+04
 308  0.65312328E+01   0.65499825E+01   0.10090574E+01   0.29807914E-04  -0.36703164E+04
 309  0.65687323E+01   0.65874825E+01   0.10090464E+01   0.29870826E-04  -0.36867603E+04
 310  0.66062326E+01   0.66249824E+01   0.10090352E+01   0.29923383E-04  -0.37032427E+04
 311  0.66437321E+01   0.66624823E+01   0.10090238E+01   0.29893939E-04  -0.37197539E+04
 312  0.66812325E+01   0.66999822E+01   0.10090120E+01   0.29890623E-04  -0.37362915E+04
 313  0.67187319E+01   0.67374821E+01   0.10090017E+01   0.29763820E-04  -0.37528540E+04
 314  0.67562323E+01   0.67749820E+01   0.10089900E+01   0.29991248E-04  -0.37694434E+04
 315  0.67937317E+01   0.68124819E+01   0.10089787E+01   0.29912726E-04  -0.37860605E+04
 316  0.68312321E+01   0.68499818E+01   0.10089680E+01   0.29905677E-04  -0.38027134E+04
 317  0.68687315E+01   0.68874817E+01   0.10089566E+01   0.29826291E-04  -0.38193940E+04
 318  0.69062319E+01   0.69249816E+01   0.10089453E+01   0.29919680E-04  -0.38361050E+04
 319  0.69437313E+01   0.69624815E+01   0.10089344E+01   0.29757717E-04  -0.38528457E+04
 320  0.69812317E+01   0.69999814E+01   0.10089231E+01   0.29926796E-04  -0.38696138E+04
 321  0.70187311E+01   0.70374813E+01   0.10089117E+01   0.29849394E-04  -0.38864048E+04
 322  0.70562315E+01   0.70749812E+01   0.10089009E+01   0.29859175E-04  -0.39032231E+04
 323  0.70937309E+01   0.71124811E+01   0.10088896E+01   0.29901705E-04  -0.39200776E+04
 324  0.71312313E+01   0.71499810E+01   0.10088778E+01   0.29956766E-04  -0.39369517E+04
 325  0.71687307E+01   0.71874809E+01   0.10088670E+01   0.29913297E-04  -0.39538647E+04
 326  0.72062311E+01   0.72249808E+01   0.10088556E+01   0.29991801E-04  -0.39708105E+04
 327  0.72437305E+01   0.72624807E+01   0.10088441E+01   0.29971356E-04  -0.39877769E+04
 328  0.72812309E+01   0.72999806E+01   0.10088329E+01   0.30019899E-04  -0.40047720E+04
 329  0.73187304E+01   0.73374805E+01   0.10088217E+01   0.29965204E-04  -0.40217959E+04
 330  0.73562307E+01   0.73749804E+01   0.10088108E+01   0.29796080E-04  -0.40388447E+04
 331  0.73937302E+01   0.74124804E+01   0.10087997E+01   0.29977358E-04  -0.40559268E+04
 332  0.74312305E+01   0.74499803E+01   0.10087883E+01   0.29879020E-04  -0.40730366E+04
 333  0.74687300E+01   0.74874802E+01   0.10087767E+01   0.29992812E-04  -0.40901841E+04
 334  0.75062304E+01   0.75249801E+01   0.10087657E+01   0.29814011E-04  -0.41073560E+04
 335  0.75437298E+01   0.75624800E+01   0.10087545E+01   0.30038549E-04  -0.41245586E+04
 336  0.75812302E+01   0.75999799E+01   0.10087438E+01   0.29989063E-04  -0.41417837E+04
 337  0.76187296E+01   0.76374798E+01   0.10087321E+01   0.30048112E-04  -0.41590332E+04
 338  0.76562300E+01   0.76749797E+01   0.10087209E+01   0.30007299E-04  -0.41763184E+04
 339  0.76937294E+01   0.77124796E+01   0.10087097E+01   0.29952440E-04  -0.41936279E+04
 340  0.77312298E+01   0.77499795E+01   0.10086982E+01   0.30146712E-04  -0.42109766E+04
 341  0.77687292E+01   0.77874794E+01   0.10086871E+01   0.29963037E-04  -0.42283506E+04
 342  0.78062296E+01   0.78249793E+01   0.10086758E+01   0.30034977E-04  -0.42457515E+04
 343  0.78437290E+01   0.78624792E+01   0.10086644E+01   0.30114434E-04  -0.42631855E+04
 344  0.78812294E+01   0.78999791E+01   0.10086534E+01   0.30028321E-04  -0.42806401E+04
 345  0.79187288E+01   0.79374790E+01   0.10086420E+01   0.30177169E-04  -0.42981284E+04
 346  0.79562292E+01   0.79749789E+01   0.10086306E+01   0.30116838E-04  -0.43156504E+04
 347  0.79937286E+01   0.80124788E+01   0.10086197E+01   0.30215615E-04  -0.43331987E+04
 348  0.80312290E+01   0.80499792E+01   0.10086085E+01   0.30166797E-04  -0.43507676E+04
 349  0.80687294E+01   0.80874796E+01   0.10085969E+01   0.30189862E-04  -0.43683755E+04
 350  0.81062298E+01   0.81249800E+01   0.10085855E+01   0.30346240E-04  -0.43860098E+04
 351  0.81437302E+01   0.81624804E+01   0.10085744E+01   0.30263433E-04  -0.44036660E+04
 352  0.81812305E+01   0.81999807E+01   0.10085633E+01   0.30426907E-04  -0.44213506E+04
 353  0.82187309E+01   0.82374811E+01   0.10085521E+01   0.30385847E-04  -0.44390679E+04
 354  0.82562313E+01   0.82749815E+01   0.10085404E+01   0.30701296E-04  -0.44568218E+04
 355  0.82937317E+01   0.83124819E+01   0.10085291E+01   0.30596682E-04  -0.44745923E+04
 356  0.83312321E+01   0.83499823E+01   0.10085177E+01   0.30598811E-04  -0.44924028E+04
 357  0.83687325E+01   0.83874826E+01   0.10085059E+01   0.30693005E-04  -0.45102358E+04
 358  0.84062328E+01   0.84249830E+01   0.10084950E+01   0.30899602E-04  -0.45280952E+04
 359  0.84437332E+01   0.84624834E+01   0.10084835E+01   0.30799554E-04  -0.45459941E+04
 360  0.84812336E+01   0.84999838E+01   0.10084726E+01   0.30855204E-04  -0.45639146E+04
 361  0.85187340E+01   0.85374842E+01   0.10084605E+01   0.31174921E-04  -0.45818750E+04
 362  0.85562344E+01   0.85749846E+01   0.10084492E+01   0.31215317E-04  -0.45998560E+04
 363  0.85937347E+01   0.86124849E+01   0.10084376E+01   0.31381351E-04  -0.46178657E+04
 364  0.86312351E+01   0.86499853E+01   0.10084268E+01   0.31364762E-04  -0.46359043E+04
 365  0.86687355E+01   0.86874857E+01   0.10084152E+01   0.31619642E-04  -0.46539795E+04
 366  0.87062359E+01   0.87249861E+01   0.10084033E+01   0.31772128E-04  -0.46720757E+04
 367  0.87437363E+01   0.87624865E+01   0.10083914E+01   0.31844396E-04  -0.46902090E+04
 368  0.87812366E+01   0.87999868E+01   0.10083797E+01   0.32191059E-04  -0.47083623E+04
 369  0.88187370E+01   0.88374872E+01   0.10083683E+01   0.32267191E-04  -0.47265479E+04
 370  0.88562374E+01   0.88749876E+01   0.10083566E+01   0.32475316E-04  -0.47447666E+04
 371  0.88937378E+01   0.89124880E+01   0.10083452E+01   0.32728465E-04  -0.47630161E+04
 372  0.89312382E+01   0.89499884E+01   0.10083338E+01   0.32926069E-04  -0.47812998E+04
 373  0.89687386E+01   0.89874887E+01   0.10083216E+01   0.33243381E-04  -0.47996084E+04
 374  0.90062389E+01   0.90249891E+01   0.10083098E+01   0.33538145E-04  -0.48179492E+04
 375  0.90437393E+01   0.90624895E+01   0.10082980E+01   0.33653476E-04  -0.48363203E+04
 376  0.90812397E+01   0.90999899E+01   0.10082862E+01   0.33727985E-04  -0.48547183E+04
 377  0.91187401E+01   0.91374903E+01   0.10082741E+01   0.34252396E-04  -0.48731426E+04
 378  0.91562405E+01   0.91749907E+01   0.10082624E+01   0.34371336E-04  -0.48916128E+04
 379  0.91937408E+01   0.92124910E+01   0.10082502E+01   0.34418677E-04  -0.49101079E+04
 380  0.92312412E+01   0.92499914E+01   0.10082377E+01   0.34645771E-04  -0.49286309E+04
 381  0.92687416E+01   0.92874918E+01   0.10082259E+01   0.34994078E-04  -0.49471919E+04
 382  0.93062420E+01   0.93249922E+01   0.10082139E+01   0.35094035E-04  -0.49657798E+04
 383  0.93437424E+01   0.93624926E+01   0.10082016E+01   0.35067129E-04  -0.49844023E+04
 384  0.93812428E+01   0.93999929E+01   0.10081884E+01   0.34950099E-04  -0.50030601E+04
 385  0.94187431E+01   0.94374933E+01   0.10081762E+01   0.34837150E-04  -0.50217476E+04
 386  0.94562435E+01   0.94749937E+01   0.10081632E+01   0.34568158E-04  -0.50404775E+04
 387  0.94937439E+01   0.95124941E+01   0.10081502E+01   0.33976034E-04  -0.50592280E+04
 388  0.95312443E+01   0.95499945E+01   0.10081377E+01   0.33331497E-04  -0.50780181E+04
 389  0.95687447E+01   0.95874949E+01   0.10081244E+01   0.32517768E-04  -0.50968525E+04
 390  0.96062450E+01   0.96249952E+01   0.10081112E+01   0.31092986E-04  -0.51157188E+04
 391  0.96437454E+01   0.96624956E+01   0.10080978E+01   0.29501070E-04  -0.51346260E+04
 392  0.96812458E+01   0.96999960E+01   0.10080843E+01   0.27123609E-04  -0.51535669E+04
 393  0.97187462E+01   0.97374964E+01   0.10080705E+01   0.24056804E-04  -0.51725552E+04
 394  0.97562466E+01   0.97749968E+01   0.10080564E+01   0.20024039E-04  -0.51915806E+04
 395  0.97937469E+01   0.98124971E+01   0.10080419E+01   0.14588412E-04  -0.52106504E+04
 396  0.98312473E+01   0.98499975E+01   0.10080268E+01   0.74589116E-05  -0.52297686E+04
 397  0.98687477E+01   0.98874979E+01   0.10080117E+01  -0.96757572E-06  -0.52489336E+04
 398  0.99062481E+01   0.99249983E+01   0.10079932E+01  -0.91755737E-05  -0.52681484E+04
 399  0.99437485E+01   0.99624987E+01   0.10079681E+01  -0.88642582E-05  -0.52874160E+04
 400  0.99812489E+01   0.99999990E+01   0.10079640E+01  -0.45964436E-04  -0.53067603E+04
