 -0.30000001192092896       0.30000001192092896       0.30000001192092896      -0.30000001192092896     
 -0.30000001192092896       0.30000001192092896       0.30000001192092896      -0.30000001192092896     
 -0.30000001192092896       0.30000001192092896       0.30000001192092896      -0.30000001192092896     
 -0.30000001192092896       0.30000001192092896       0.30000001192092896      -0.30000001192092896     
 -0.30000001192092896       0.30000001192092896       0.30000001192092896      -0.30000001192092896     
  0.30000001192092896       0.90000003576278687       0.90000003576278687       0.30000001192092896     
  0.30000001192092896       0.90000003576278687       0.90000003576278687       0.30000001192092896     
  0.30000001192092896       0.90000003576278687       0.90000003576278687       0.30000001192092896     
  0.30000001192092896       0.90000003576278687       0.90000003576278687       0.30000001192092896     
  0.30000001192092896       0.90000003576278687       0.90000003576278687       0.30000001192092896     
  0.90000003576278687        1.5000000000000000        1.5000000000000000       0.90000003576278687     
  0.90000003576278687        1.5000000000000000        1.5000000000000000       0.90000003576278687     
  0.90000003576278687        1.5000000000000000        1.5000000000000000       0.90000003576278687     
  0.90000003576278687        1.5000000000000000        1.5000000000000000       0.90000003576278687     
  0.90000003576278687        1.5000000000000000        1.5000000000000000       0.90000003576278687     
   1.5000000000000000        2.0999999046325684        2.0999999046325684        1.5000000000000000     
   1.5000000000000000        2.0999999046325684        2.0999999046325684        1.5000000000000000     
   1.5000000000000000        2.0999999046325684        2.0999999046325684        1.5000000000000000     
   1.5000000000000000        2.0999999046325684        2.0999999046325684        1.5000000000000000     
   1.5000000000000000        2.0999999046325684        2.0999999046325684        1.5000000000000000     
   2.0999999046325684        2.6999998092651367        2.6999998092651367        2.0999999046325684     
   2.0999999046325684        2.6999998092651367        2.6999998092651367        2.0999999046325684     
   2.0999999046325684        2.6999998092651367        2.6999998092651367        2.0999999046325684     
   2.0999999046325684        2.6999998092651367        2.6999998092651367        2.0999999046325684     
   2.0999999046325684        2.6999998092651367        2.6999998092651367        2.0999999046325684     
   2.6999998092651367        3.2999997138977051        3.2999997138977051        2.6999998092651367     
   2.6999998092651367        3.2999997138977051        3.2999997138977051        2.6999998092651367     
   2.6999998092651367        3.2999997138977051        3.2999997138977051        2.6999998092651367     
   2.6999998092651367        3.2999997138977051        3.2999997138977051        2.6999998092651367     
   2.6999998092651367        3.2999997138977051        3.2999997138977051        2.6999998092651367     
   3.2999997138977051        3.8999996185302734        3.8999996185302734        3.2999997138977051     
   3.2999997138977051        3.8999996185302734        3.8999996185302734        3.2999997138977051     
   3.2999997138977051        3.8999996185302734        3.8999996185302734        3.2999997138977051     
   3.2999997138977051        3.8999996185302734        3.8999996185302734        3.2999997138977051     
   3.2999997138977051        3.8999996185302734        3.8999996185302734        3.2999997138977051     
   3.8999996185302734        4.4999995231628418        4.4999995231628418        3.8999996185302734     
   3.8999996185302734        4.4999995231628418        4.4999995231628418        3.8999996185302734     
   3.8999996185302734        4.4999995231628418        4.4999995231628418        3.8999996185302734     
   3.8999996185302734        4.4999995231628418        4.4999995231628418        3.8999996185302734     
   3.8999996185302734        4.4999995231628418        4.4999995231628418        3.8999996185302734     
   4.4999995231628418        5.0999994277954102        5.0999994277954102        4.4999995231628418     
   4.4999995231628418        5.0999994277954102        5.0999994277954102        4.4999995231628418     
   4.4999995231628418        5.0999994277954102        5.0999994277954102        4.4999995231628418     
   4.4999995231628418        5.0999994277954102        5.0999994277954102        4.4999995231628418     
   4.4999995231628418        5.0999994277954102        5.0999994277954102        4.4999995231628418     
   5.0999994277954102        5.6999993324279785        5.6999993324279785        5.0999994277954102     
   5.0999994277954102        5.6999993324279785        5.6999993324279785        5.0999994277954102     
   5.0999994277954102        5.6999993324279785        5.6999993324279785        5.0999994277954102     
   5.0999994277954102        5.6999993324279785        5.6999993324279785        5.0999994277954102     
   5.0999994277954102        5.6999993324279785        5.6999993324279785        5.0999994277954102     
   5.6999993324279785        6.2999992370605469        6.2999992370605469        5.6999993324279785     
   5.6999993324279785        6.2999992370605469        6.2999992370605469        5.6999993324279785     
   5.6999993324279785        6.2999992370605469        6.2999992370605469        5.6999993324279785     
   5.6999993324279785        6.2999992370605469        6.2999992370605469        5.6999993324279785     
   5.6999993324279785        6.2999992370605469        6.2999992370605469        5.6999993324279785     
   6.2999992370605469        6.8999991416931152        6.8999991416931152        6.2999992370605469     
   6.2999992370605469        6.8999991416931152        6.8999991416931152        6.2999992370605469     
   6.2999992370605469        6.8999991416931152        6.8999991416931152        6.2999992370605469     
   6.2999992370605469        6.8999991416931152        6.8999991416931152        6.2999992370605469     
   6.2999992370605469        6.8999991416931152        6.8999991416931152        6.2999992370605469     
   6.8999991416931152        7.4999990463256836        7.4999990463256836        6.8999991416931152     
   6.8999991416931152        7.4999990463256836        7.4999990463256836        6.8999991416931152     
   6.8999991416931152        7.4999990463256836        7.4999990463256836        6.8999991416931152     
   6.8999991416931152        7.4999990463256836        7.4999990463256836        6.8999991416931152     
   6.8999991416931152        7.4999990463256836        7.4999990463256836        6.8999991416931152     
   7.4999990463256836        8.0999994277954102        8.0999994277954102        7.4999990463256836     
   7.4999990463256836        8.0999994277954102        8.0999994277954102        7.4999990463256836     
   7.4999990463256836        8.0999994277954102        8.0999994277954102        7.4999990463256836     
   7.4999990463256836        8.0999994277954102        8.0999994277954102        7.4999990463256836     
   7.4999990463256836        8.0999994277954102        8.0999994277954102        7.4999990463256836     
   8.0999994277954102        8.6999998092651367        8.6999998092651367        8.0999994277954102     
   8.0999994277954102        8.6999998092651367        8.6999998092651367        8.0999994277954102     
   8.0999994277954102        8.6999998092651367        8.6999998092651367        8.0999994277954102     
   8.0999994277954102        8.6999998092651367        8.6999998092651367        8.0999994277954102     
   8.0999994277954102        8.6999998092651367        8.6999998092651367        8.0999994277954102     
   8.6999998092651367        9.3000001907348633        9.3000001907348633        8.6999998092651367     
   8.6999998092651367        9.3000001907348633        9.3000001907348633        8.6999998092651367     
   8.6999998092651367        9.3000001907348633        9.3000001907348633        8.6999998092651367     
   8.6999998092651367        9.3000001907348633        9.3000001907348633        8.6999998092651367     
   8.6999998092651367        9.3000001907348633        9.3000001907348633        8.6999998092651367     
   9.3000001907348633        9.9000005722045898        9.9000005722045898        9.3000001907348633     
   9.3000001907348633        9.9000005722045898        9.9000005722045898        9.3000001907348633     
   9.3000001907348633        9.9000005722045898        9.9000005722045898        9.3000001907348633     
   9.3000001907348633        9.9000005722045898        9.9000005722045898        9.3000001907348633     
   9.3000001907348633        9.9000005722045898        9.9000005722045898        9.3000001907348633     
   9.9000005722045898        10.500000953674316        10.500000953674316        9.9000005722045898     
   9.9000005722045898        10.500000953674316        10.500000953674316        9.9000005722045898     
   9.9000005722045898        10.500000953674316        10.500000953674316        9.9000005722045898     
   9.9000005722045898        10.500000953674316        10.500000953674316        9.9000005722045898     
   9.9000005722045898        10.500000953674316        10.500000953674316        9.9000005722045898     
   10.500000953674316        11.100001335144043        11.100001335144043        10.500000953674316     
   10.500000953674316        11.100001335144043        11.100001335144043        10.500000953674316     
   10.500000953674316        11.100001335144043        11.100001335144043        10.500000953674316     
   10.500000953674316        11.100001335144043        11.100001335144043        10.500000953674316     
   10.500000953674316        11.100001335144043        11.100001335144043        10.500000953674316     
