 -0.36000001430511475      -0.36000001430511475       0.36000001430511475       0.36000001430511475     
  0.36000001430511475       0.36000001430511475        1.0800000429153442        1.0800000429153442     
   1.0800000429153442        1.0800000429153442        1.8000000715255737        1.8000000715255737     
   1.8000000715255737        1.8000000715255737        2.5199999809265137        2.5199999809265137     
   2.5199999809265137        2.5199999809265137        3.2400000095367432        3.2400000095367432     
 -0.36000001430511475      -0.36000001430511475       0.36000001430511475       0.36000001430511475     
  0.36000001430511475       0.36000001430511475        1.0800000429153442        1.0800000429153442     
   1.0800000429153442        1.0800000429153442        1.8000000715255737        1.8000000715255737     
   1.8000000715255737        1.8000000715255737        2.5199999809265137        2.5199999809265137     
   2.5199999809265137        2.5199999809265137        3.2400000095367432        3.2400000095367432     
 -0.36000001430511475      -0.36000001430511475       0.36000001430511475       0.36000001430511475     
  0.36000001430511475       0.36000001430511475        1.0800000429153442        1.0800000429153442     
   1.0800000429153442        1.0800000429153442        1.8000000715255737        1.8000000715255737     
   1.8000000715255737        1.8000000715255737        2.5199999809265137        2.5199999809265137     
   2.5199999809265137        2.5199999809265137        3.2400000095367432        3.2400000095367432     
 -0.36000001430511475      -0.36000001430511475       0.36000001430511475       0.36000001430511475     
  0.36000001430511475       0.36000001430511475        1.0800000429153442        1.0800000429153442     
   1.0800000429153442        1.0800000429153442        1.8000000715255737        1.8000000715255737     
   1.8000000715255737        1.8000000715255737        2.5199999809265137        2.5199999809265137     
   2.5199999809265137        2.5199999809265137        3.2400000095367432        3.2400000095367432     
 -0.36000001430511475      -0.36000001430511475       0.36000001430511475       0.36000001430511475     
  0.36000001430511475       0.36000001430511475        1.0800000429153442        1.0800000429153442     
   1.0800000429153442        1.0800000429153442        1.8000000715255737        1.8000000715255737     
   1.8000000715255737        1.8000000715255737        2.5199999809265137        2.5199999809265137     
   2.5199999809265137        2.5199999809265137        3.2400000095367432        3.2400000095367432     
 -0.36000001430511475      -0.36000001430511475       0.36000001430511475       0.36000001430511475     
  0.36000001430511475       0.36000001430511475        1.0800000429153442        1.0800000429153442     
   1.0800000429153442        1.0800000429153442        1.8000000715255737        1.8000000715255737     
   1.8000000715255737        1.8000000715255737        2.5199999809265137        2.5199999809265137     
   2.5199999809265137        2.5199999809265137        3.2400000095367432        3.2400000095367432     
 -0.36000001430511475      -0.36000001430511475       0.36000001430511475       0.36000001430511475     
  0.36000001430511475       0.36000001430511475        1.0800000429153442        1.0800000429153442     
   1.0800000429153442        1.0800000429153442        1.8000000715255737        1.8000000715255737     
   1.8000000715255737        1.8000000715255737        2.5199999809265137        2.5199999809265137     
   2.5199999809265137        2.5199999809265137        3.2400000095367432        3.2400000095367432     
 -0.36000001430511475      -0.36000001430511475       0.36000001430511475       0.36000001430511475     
  0.36000001430511475       0.36000001430511475        1.0800000429153442        1.0800000429153442     
   1.0800000429153442        1.0800000429153442        1.8000000715255737        1.8000000715255737     
   1.8000000715255737        1.8000000715255737        2.5199999809265137        2.5199999809265137     
   2.5199999809265137        2.5199999809265137        3.2400000095367432        3.2400000095367432     
 -0.36000001430511475      -0.36000001430511475       0.36000001430511475       0.36000001430511475     
  0.36000001430511475       0.36000001430511475        1.0800000429153442        1.0800000429153442     
   1.0800000429153442        1.0800000429153442        1.8000000715255737        1.8000000715255737     
   1.8000000715255737        1.8000000715255737        2.5199999809265137        2.5199999809265137     
   2.5199999809265137        2.5199999809265137        3.2400000095367432        3.2400000095367432     
 -0.36000001430511475      -0.36000001430511475       0.36000001430511475       0.36000001430511475     
  0.36000001430511475       0.36000001430511475        1.0800000429153442        1.0800000429153442     
   1.0800000429153442        1.0800000429153442        1.8000000715255737        1.8000000715255737     
   1.8000000715255737        1.8000000715255737        2.5199999809265137        2.5199999809265137     
   2.5199999809265137        2.5199999809265137        3.2400000095367432        3.2400000095367432     
 -0.36000001430511475      -0.36000001430511475       0.36000001430511475       0.36000001430511475     
  0.36000001430511475       0.36000001430511475        1.0800000429153442        1.0800000429153442     
   1.0800000429153442        1.0800000429153442        1.8000000715255737        1.8000000715255737     
   1.8000000715255737        1.8000000715255737        2.5199999809265137        2.5199999809265137     
   2.5199999809265137        2.5199999809265137        3.2400000095367432        3.2400000095367432     
 -0.36000001430511475      -0.36000001430511475       0.36000001430511475       0.36000001430511475     
  0.36000001430511475       0.36000001430511475        1.0800000429153442        1.0800000429153442     
   1.0800000429153442        1.0800000429153442        1.8000000715255737        1.8000000715255737     
   1.8000000715255737        1.8000000715255737        2.5199999809265137        2.5199999809265137     
   2.5199999809265137        2.5199999809265137        3.2400000095367432        3.2400000095367432     
 -0.36000001430511475      -0.36000001430511475       0.36000001430511475       0.36000001430511475     
  0.36000001430511475       0.36000001430511475        1.0800000429153442        1.0800000429153442     
   1.0800000429153442        1.0800000429153442        1.8000000715255737        1.8000000715255737     
   1.8000000715255737        1.8000000715255737        2.5199999809265137        2.5199999809265137     
   2.5199999809265137        2.5199999809265137        3.2400000095367432        3.2400000095367432     
 -0.36000001430511475      -0.36000001430511475       0.36000001430511475       0.36000001430511475     
  0.36000001430511475       0.36000001430511475        1.0800000429153442        1.0800000429153442     
   1.0800000429153442        1.0800000429153442        1.8000000715255737        1.8000000715255737     
   1.8000000715255737        1.8000000715255737        2.5199999809265137        2.5199999809265137     
   2.5199999809265137        2.5199999809265137        3.2400000095367432        3.2400000095367432     
 -0.36000001430511475      -0.36000001430511475       0.36000001430511475       0.36000001430511475     
  0.36000001430511475       0.36000001430511475        1.0800000429153442        1.0800000429153442     
   1.0800000429153442        1.0800000429153442        1.8000000715255737        1.8000000715255737     
   1.8000000715255737        1.8000000715255737        2.5199999809265137        2.5199999809265137     
   2.5199999809265137        2.5199999809265137        3.2400000095367432        3.2400000095367432     
 -0.36000001430511475      -0.36000001430511475       0.36000001430511475       0.36000001430511475     
  0.36000001430511475       0.36000001430511475        1.0800000429153442        1.0800000429153442     
   1.0800000429153442        1.0800000429153442        1.8000000715255737        1.8000000715255737     
   1.8000000715255737        1.8000000715255737        2.5199999809265137        2.5199999809265137     
   2.5199999809265137        2.5199999809265137        3.2400000095367432        3.2400000095367432     
 -0.36000001430511475      -0.36000001430511475       0.36000001430511475       0.36000001430511475     
  0.36000001430511475       0.36000001430511475        1.0800000429153442        1.0800000429153442     
   1.0800000429153442        1.0800000429153442        1.8000000715255737        1.8000000715255737     
   1.8000000715255737        1.8000000715255737        2.5199999809265137        2.5199999809265137     
   2.5199999809265137        2.5199999809265137        3.2400000095367432        3.2400000095367432     
 -0.36000001430511475      -0.36000001430511475       0.36000001430511475       0.36000001430511475     
  0.36000001430511475       0.36000001430511475        1.0800000429153442        1.0800000429153442     
   1.0800000429153442        1.0800000429153442        1.8000000715255737        1.8000000715255737     
   1.8000000715255737        1.8000000715255737        2.5199999809265137        2.5199999809265137     
   2.5199999809265137        2.5199999809265137        3.2400000095367432        3.2400000095367432     
 -0.36000001430511475      -0.36000001430511475       0.36000001430511475       0.36000001430511475     
  0.36000001430511475       0.36000001430511475        1.0800000429153442        1.0800000429153442     
   1.0800000429153442        1.0800000429153442        1.8000000715255737        1.8000000715255737     
   1.8000000715255737        1.8000000715255737        2.5199999809265137        2.5199999809265137     
   2.5199999809265137        2.5199999809265137        3.2400000095367432        3.2400000095367432     
